,Ind,Open Time,Open,High,Low,Close,Volume,Close Time,Quote Asset Volume,Number of Trades,Taker Buy Base Volume,Taker Buy Quote Asset Volume,Ignore
2021-02-28 19:00:00.000000000,0,1614556800000.0,0.0046571,0.0047558,0.0046494,0.0047351,53875.55,1614560399999.0,253.65668841,17797.0,29849.41,140.54948965,0.0
2021-02-28 20:00:13.270142180,1,1614560400000.0,0.0047352,0.0047624,0.0046863,0.0047556,32586.14,1614563999999.0,154.01036057,11857.0,14521.86,68.69675509,0.0
2021-02-28 21:00:26.540284360,2,1614564000000.0,0.0047541,0.0048758,0.0047358,0.0048513,42319.84,1614567599999.0,203.93344217,13908.0,24267.95,116.85127323,0.0
2021-02-28 22:00:39.810426540,3,1614567600000.0,0.0048519,0.004935,0.0048107,0.0048442,52287.31,1614571199999.0,255.25996298,16442.0,27295.88,133.43937703,0.0
2021-02-28 23:00:53.080568720,4,1614571200000.0,0.0048454,0.0048578,0.0047667,0.0048104,34724.07,1614574799999.0,166.66669165,10014.0,12979.69,62.28417423,0.0
2021-03-01 00:01:06.350710900,5,1614574800000.0,0.0048104,0.0048764,0.004776,0.004801,43550.25,1614578399999.0,210.50739435,12109.0,20060.72,96.98654012,0.0
2021-03-01 01:01:19.620853080,6,1614578400000.0,0.0048011,0.0048293,0.0047447,0.0047461,42315.86,1614581999999.0,202.68263344,10155.0,21751.15,104.21621861,0.0
2021-03-01 02:01:32.890995260,7,1614582000000.0,0.0047452,0.0048147,0.00474,0.0048146,43004.99,1614585599999.0,205.55487015,10187.0,21523.86,102.88092073,0.0
2021-03-01 03:01:46.161137440,8,1614585600000.0,0.0048141,0.0049397,0.0048088,0.0049064,98649.94,1614589199999.0,480.29733623,24017.0,56124.9,273.34337118,0.0
2021-03-01 04:01:59.431279620,9,1614589200000.0,0.0049065,0.0050496,0.00489,0.0050378,95751.17,1614592799999.0,477.51720273,27548.0,55682.19,277.75036617,0.0
2021-03-01 05:02:12.701421800,10,1614592800000.0,0.0050384,0.0052354,0.0049664,0.0052,114600.4,1614596399999.0,583.31824153,36008.0,62418.78,317.92155407,0.0
2021-03-01 06:02:25.971563981,11,1614596400000.0,0.0052026,0.0053951,0.0051568,0.0052711,177536.61,1614599999999.0,940.62014657,52005.0,77209.2,408.96614974,0.0
2021-03-01 07:02:39.241706161,12,1614600000000.0,0.0052718,0.005338,0.00519,0.005239,79802.3,1614603599999.0,420.38901052,27249.0,39285.74,206.99527561,0.0
2021-03-01 08:02:52.511848341,13,1614603600000.0,0.0052385,0.0053115,0.0051843,0.0051843,77579.7,1614607199999.0,407.28327674,24036.0,32578.69,170.95543298,0.0
2021-03-01 09:03:05.781990521,14,1614607200000.0,0.0051855,0.005225,0.0051438,0.0051849,61999.01,1614610799999.0,321.74737383,18770.0,30714.61,159.46061998,0.0
2021-03-01 10:03:19.052132701,15,1614610800000.0,0.0051847,0.0052992,0.0051572,0.0052146,71799.53,1614614399999.0,375.77416774,23524.0,35429.88,185.43869401,0.0
2021-03-01 11:03:32.322274881,16,1614614400000.0,0.0052143,0.0052201,0.0050584,0.0050789,91769.43,1614617999999.0,471.30660205,29269.0,43111.92,221.42735289,0.0
2021-03-01 12:03:45.592417061,17,1614618000000.0,0.0050794,0.0051121,0.005002,0.0050029,60612.87,1614621599999.0,307.56969924,18825.0,30064.68,152.63669724,0.0
2021-03-01 13:03:58.862559241,18,1614621600000.0,0.0050025,0.0051052,0.0049808,0.0051052,57086.35,1614625199999.0,286.99063087,17457.0,28360.59,142.70863687,0.0
2021-03-01 14:04:12.132701421,19,1614625200000.0,0.0051049,0.0051226,0.005052,0.0050637,39322.98,1614628799999.0,199.99872734,13866.0,17520.84,89.13340325,0.0
2021-03-01 15:04:25.402843601,20,1614628800000.0,0.0050621,0.0051168,0.0050586,0.0050747,40528.1,1614632399999.0,206.08563909,12087.0,21518.7,109.40769046,0.0
2021-03-01 16:04:38.672985781,21,1614632400000.0,0.0050747,0.0053285,0.005037,0.0051258,76819.51,1614635999999.0,393.48894273,26654.0,52111.22,267.45185149,0.0
2021-03-01 17:04:51.943127962,22,1614636000000.0,0.0051256,0.0051987,0.0050959,0.0051786,40995.61,1614639599999.0,210.63983015,16353.0,24822.76,127.52026977,0.0
2021-03-01 18:05:05.213270142,23,1614639600000.0,0.0051785,0.0051802,0.0051085,0.0051393,43288.55,1614643199999.0,222.8422033,16164.0,22632.56,116.51526145,0.0
2021-03-01 19:05:18.483412322,24,1614643200000.0,0.0051395,0.0052796,0.0051301,0.005181,90969.17,1614646799999.0,474.50208118,27941.0,47395.74,247.36009782,0.0
2021-03-01 20:05:31.753554502,25,1614646800000.0,0.0051808,0.00519,0.0051253,0.0051853,30201.49,1614650399999.0,155.95697837,11282.0,15828.6,81.77313674,0.0
2021-03-01 21:05:45.023696682,26,1614650400000.0,0.0051858,0.0051886,0.0050999,0.0051378,58773.17,1614653999999.0,301.48022664,16728.0,31841.54,163.31895639,0.0
2021-03-01 22:05:58.293838862,27,1614654000000.0,0.0051378,0.0051392,0.0050429,0.0050794,40852.92,1614657599999.0,207.77598037,11595.0,21686.55,110.28810452,0.0
2021-03-01 23:06:11.563981042,28,1614657600000.0,0.0050762,0.0051123,0.0050586,0.0051084,25334.0,1614661199999.0,128.7999277,8497.0,12804.8,65.10958491,0.0
2021-03-02 00:06:24.834123222,29,1614661200000.0,0.0051108,0.0051451,0.0050919,0.0050989,24249.48,1614664799999.0,124.16904799,8388.0,11378.45,58.26860039,0.0
2021-03-02 01:06:38.104265402,30,1614664800000.0,0.0050956,0.0051116,0.0050479,0.0050656,33566.0,1614668399999.0,170.20417247,10589.0,17369.3,88.08281344,0.0
2021-03-02 02:06:51.374407582,31,1614668400000.0,0.0050658,0.0051041,0.0050274,0.0050964,26890.86,1614671999999.0,136.25380635,9688.0,13884.72,70.38026381,0.0
2021-03-02 03:07:04.644549763,32,1614672000000.0,0.0050964,0.0051753,0.0050944,0.0051614,38422.12,1614675599999.0,197.55467616,12255.0,18582.24,95.50147022,0.0
2021-03-02 04:07:17.914691943,33,1614675600000.0,0.0051614,0.0052026,0.0051455,0.0051499,42411.63,1614679199999.0,219.7145601,13681.0,24148.76,125.13530151,0.0
2021-03-02 05:07:31.184834123,34,1614679200000.0,0.0051496,0.0051714,0.005087,0.0050991,24712.89,1614682799999.0,126.74244504,10747.0,11250.64,57.71967935,0.0
2021-03-02 06:07:44.454976303,35,1614682800000.0,0.0050997,0.0051465,0.0050854,0.0051219,29738.68,1614686399999.0,152.1087216,10460.0,15897.11,81.30134157,0.0
2021-03-02 07:07:57.725118483,36,1614686400000.0,0.0051213,0.0051479,0.0051039,0.0051119,19427.4,1614689999999.0,99.52851428,7905.0,10249.36,52.51645656,0.0
2021-03-02 08:08:10.995260663,37,1614690000000.0,0.0051118,0.0051527,0.0050932,0.0051145,23340.2,1614693599999.0,119.66114284,11033.0,11186.81,57.35808583,0.0
2021-03-02 09:08:24.265402843,38,1614693600000.0,0.0051143,0.0051542,0.0051022,0.0051204,51845.62,1614697199999.0,265.83668313,14264.0,32599.36,167.19356675,0.0
2021-03-02 10:08:37.535545023,39,1614697200000.0,0.0051199,0.0051356,0.0050584,0.0050754,60469.18,1614700799999.0,308.06663422,19536.0,41247.13,210.13993737,0.0
2021-03-02 11:08:50.805687203,40,1614700800000.0,0.0050755,0.005081,0.0049133,0.004961,142264.74,1614704399999.0,714.70987669,41936.0,90581.76,455.5308721,0.0
2021-03-02 12:09:04.075829383,41,1614704400000.0,0.0049588,0.0049855,0.0049,0.0049511,56111.99,1614707999999.0,277.12676723,22894.0,27280.08,134.80060732,0.0
2021-03-02 13:09:17.345971563,42,1614708000000.0,0.0049508,0.0049645,0.0048652,0.0048901,44441.24,1614711599999.0,218.10169938,15285.0,19906.99,97.72035053,0.0
2021-03-02 14:09:30.616113744,43,1614711600000.0,0.0048904,0.0049081,0.0048182,0.0048564,46215.39,1614715199999.0,224.66293787,16387.0,21072.57,102.49746442,0.0
2021-03-02 15:09:43.886255924,44,1614715200000.0,0.0048563,0.0049071,0.0048307,0.0049012,42181.82,1614718799999.0,205.18055617,12931.0,22901.67,111.40909598,0.0
2021-03-02 16:09:57.156398104,45,1614718800000.0,0.0049012,0.0049321,0.0048887,0.0049077,30286.66,1614722399999.0,148.6935905,8783.0,14593.64,71.68513175,0.0
2021-03-02 17:10:10.426540284,46,1614722400000.0,0.0049071,0.0049631,0.0049012,0.0049578,24861.59,1614725999999.0,122.51391699,7576.0,10139.96,50.00995806,0.0
2021-03-02 18:10:23.696682464,47,1614726000000.0,0.0049576,0.0049786,0.0049313,0.0049484,21924.3,1614729599999.0,108.73315293,6548.0,11817.52,58.62289785,0.0
2021-03-02 19:10:36.966824644,48,1614729600000.0,0.0049497,0.0049736,0.0049082,0.0049429,27409.21,1614733199999.0,135.44438881,8273.0,14190.64,70.13356401,0.0
2021-03-02 20:10:50.236966824,49,1614733200000.0,0.004941,0.0049799,0.00492,0.004935,23331.83,1614736799999.0,115.41299779,6956.0,11805.72,58.42783797,0.0
2021-03-02 21:11:03.507109004,50,1614736800000.0,0.0049343,0.0049575,0.0049104,0.0049197,17802.77,1614740399999.0,87.8181801,6238.0,8403.92,41.46755703,0.0
2021-03-02 22:11:16.777251184,51,1614740400000.0,0.0049187,0.0049341,0.0048803,0.0048872,18884.99,1614743999999.0,92.7059419,6287.0,8585.55,42.18116795,0.0
2021-03-02 23:11:30.047393364,52,1614744000000.0,0.004886,0.00497,0.0048832,0.0049656,26446.59,1614747599999.0,130.54729531,9185.0,13663.47,67.44221677,0.0
2021-03-03 00:11:43.317535545,53,1614747600000.0,0.0049656,0.0050026,0.0049527,0.0049772,26262.69,1614751199999.0,130.73590769,9720.0,12958.05,64.53231771,0.0
2021-03-03 01:11:56.587677725,54,1614751200000.0,0.0049772,0.00505,0.0049732,0.0050237,49053.55,1614754799999.0,246.1693362,15315.0,26103.85,130.97324265,0.0
2021-03-03 02:12:09.857819905,55,1614754800000.0,0.0050272,0.0050447,0.0050013,0.0050059,23674.74,1614758399999.0,118.87208838,10092.0,12279.48,61.66766202,0.0
2021-03-03 03:12:23.127962085,56,1614758400000.0,0.0050089,0.0050227,0.0049327,0.0049358,38790.47,1614761999999.0,193.1875314,16837.0,19711.59,98.18298945,0.0
2021-03-03 04:12:36.398104265,57,1614762000000.0,0.0049357,0.0049589,0.0048921,0.0049393,49444.89,1614765599999.0,243.33547669,17629.0,22446.04,110.4911702,0.0
2021-03-03 05:12:49.668246445,58,1614765600000.0,0.0049393,0.0049467,0.0048346,0.0048498,45692.75,1614769199999.0,223.65513669,16163.0,19335.9,94.75181568,0.0
2021-03-03 06:13:02.938388625,59,1614769200000.0,0.0048497,0.0048897,0.0048277,0.0048295,42695.44,1614772799999.0,207.25439259,14882.0,22936.25,111.33848664,0.0
2021-03-03 07:13:16.208530805,60,1614772800000.0,0.0048296,0.0048565,0.00478,0.0048442,62119.69,1614776399999.0,299.34033397,19511.0,28113.12,135.51713622,0.0
2021-03-03 08:13:29.478672985,61,1614776400000.0,0.0048443,0.0048507,0.0047912,0.0048101,41184.57,1614779999999.0,198.06677511,15365.0,23608.3,113.54414889,0.0
2021-03-03 09:13:42.748815165,62,1614780000000.0,0.0048093,0.0048172,0.00475,0.004803,55321.26,1614783599999.0,264.57285533,16020.0,27285.93,130.55441328,0.0
2021-03-03 10:13:56.018957345,63,1614783600000.0,0.0048036,0.0048327,0.0048008,0.0048296,36423.07,1614787199999.0,175.58637184,13395.0,25569.57,123.26794202,0.0
2021-03-03 11:14:09.289099526,64,1614787200000.0,0.0048304,0.0048582,0.0048129,0.004833,41266.12,1614790799999.0,199.41504898,12482.0,26186.54,126.50937537,0.0
2021-03-03 12:14:22.559241706,65,1614790800000.0,0.004833,0.0048577,0.0048211,0.0048254,19462.98,1614794399999.0,94.22763636,8617.0,9365.75,45.34089044,0.0
2021-03-03 13:14:35.829383886,66,1614794400000.0,0.004825,0.0048269,0.0047856,0.0048021,25396.48,1614797999999.0,122.04748956,10313.0,14295.09,68.72531719,0.0
2021-03-03 14:14:49.099526066,67,1614798000000.0,0.0048023,0.00483,0.0047841,0.0048252,21513.22,1614801599999.0,103.4153441,10390.0,11798.5,56.73071317,0.0
2021-03-03 15:15:02.369668246,68,1614801600000.0,0.0048254,0.0048256,0.0047703,0.0047987,17914.55,1614805199999.0,85.91613693,9275.0,8776.65,42.09474408,0.0
2021-03-03 16:15:15.639810426,69,1614805200000.0,0.0047985,0.0048013,0.004782,0.0047957,12751.54,1614808799999.0,61.10567856,6740.0,6279.98,30.09611535,0.0
2021-03-03 17:15:28.909952606,70,1614808800000.0,0.0047957,0.0048002,0.0047766,0.0047879,18557.43,1614812399999.0,88.86938852,6499.0,7478.92,35.83029556,0.0
2021-03-03 18:15:42.180094786,71,1614812400000.0,0.0047879,0.0047972,0.0047616,0.0047779,28745.27,1614815999999.0,137.47351708,7249.0,9083.71,43.43579892,0.0
2021-03-03 19:15:55.450236966,72,1614816000000.0,0.0047775,0.0047815,0.004752,0.004766,28364.36,1614819599999.0,135.21141767,10157.0,14199.33,67.71113092,0.0
2021-03-03 20:16:08.720379146,73,1614819600000.0,0.0047659,0.0047823,0.0047315,0.0047747,25544.49,1614823199999.0,121.45209169,10150.0,14544.09,69.15898445,0.0
2021-03-03 21:16:21.990521327,74,1614823200000.0,0.0047741,0.0048667,0.0047683,0.0048512,37226.92,1614826799999.0,179.92485771,12201.0,18911.82,91.34742201,0.0
2021-03-03 22:16:35.260663507,75,1614826800000.0,0.0048512,0.00486,0.0048151,0.0048479,33246.09,1614830399999.0,160.72555219,9650.0,19000.13,91.86253833,0.0
2021-03-03 23:16:48.530805687,76,1614830400000.0,0.0048468,0.004882,0.0048345,0.0048687,25487.16,1614833999999.0,123.97466344,7674.0,12109.39,58.88207108,0.0
2021-03-04 00:17:01.800947867,77,1614834000000.0,0.0048696,0.004903,0.0048587,0.004897,29594.32,1614837599999.0,144.53227888,7885.0,13324.72,65.10144081,0.0
2021-03-04 01:17:15.071090047,78,1614837600000.0,0.004897,0.004914,0.0048598,0.0048707,28782.51,1614841199999.0,140.6414085,8681.0,16292.97,79.59583162,0.0
2021-03-04 02:17:28.341232227,79,1614841200000.0,0.0048707,0.0049022,0.0048661,0.0048946,25784.05,1614844799999.0,126.01300503,7154.0,11310.52,55.24362711,0.0
2021-03-04 03:17:41.611374407,80,1614844800000.0,0.0048973,0.0049002,0.0048562,0.0048618,21009.05,1614848399999.0,102.32997579,8095.0,10306.09,50.20160441,0.0
2021-03-04 04:17:54.881516587,81,1614848400000.0,0.0048613,0.0049418,0.0048586,0.0049167,44054.88,1614851999999.0,216.5609893,13223.0,27630.3,135.8379856,0.0
2021-03-04 05:18:08.151658767,82,1614852000000.0,0.0049175,0.0049196,0.0048348,0.004847,42014.72,1614855599999.0,204.90287014,12532.0,17246.75,84.12998997,0.0
2021-03-04 06:18:21.421800947,83,1614855600000.0,0.0048465,0.0048536,0.0048218,0.0048306,16414.43,1614859199999.0,79.3282313,6885.0,8091.45,39.11308656,0.0
2021-03-04 07:18:34.691943127,84,1614859200000.0,0.0048296,0.0048362,0.0048017,0.0048089,21140.67,1614862799999.0,101.88839942,8508.0,10310.85,49.70143142,0.0
2021-03-04 08:18:47.962085308,85,1614862800000.0,0.004808,0.0048084,0.0047642,0.0047825,24983.77,1614866399999.0,119.53445148,10730.0,12042.89,57.61779211,0.0
2021-03-04 09:19:01.232227488,86,1614866400000.0,0.0047854,0.004818,0.0047823,0.0048101,25087.94,1614869999999.0,120.46275702,10187.0,12246.33,58.79910762,0.0
2021-03-04 10:19:14.502369668,87,1614870000000.0,0.0048093,0.0048332,0.0047953,0.004833,19859.8,1614873599999.0,95.52383697,9093.0,10449.99,50.27508125,0.0
2021-03-04 11:19:27.772511848,88,1614873600000.0,0.0048321,0.0048414,0.0047616,0.0047883,23448.93,1614877199999.0,112.50088573,11887.0,11088.63,53.22839987,0.0
2021-03-04 12:19:41.042654028,89,1614877200000.0,0.004788,0.0048342,0.0047616,0.0048241,28807.99,1614880799999.0,138.04609137,12631.0,17562.9,84.17711064,0.0
2021-03-04 13:19:54.312796208,90,1614880800000.0,0.0048245,0.0048307,0.0047321,0.0047438,51064.92,1614884399999.0,243.84614916,20673.0,23501.59,112.26667113,0.0
2021-03-04 14:20:07.582938388,91,1614884400000.0,0.0047438,0.0047857,0.0047398,0.0047652,30889.68,1614887999999.0,146.97295362,13210.0,15690.18,74.64667006,0.0
2021-03-04 15:20:20.853080568,92,1614888000000.0,0.004765,0.0047764,0.0047456,0.0047601,19756.32,1614891599999.0,94.08726163,8222.0,10021.44,47.73154286,0.0
2021-03-04 16:20:34.123222748,93,1614891600000.0,0.0047625,0.0047664,0.0047312,0.0047365,20395.74,1614895199999.0,96.76100781,8333.0,9187.3,43.58481866,0.0
2021-03-04 17:20:47.393364928,94,1614895200000.0,0.0047353,0.0047682,0.00472,0.0047639,14226.76,1614898799999.0,67.45215146,8103.0,7175.37,34.02351838,0.0
2021-03-04 18:21:00.663507109,95,1614898800000.0,0.0047644,0.0047678,0.0047265,0.0047488,15377.08,1614902399999.0,72.9381694,5967.0,6810.95,32.3127198,0.0
2021-03-04 19:21:13.933649289,96,1614902400000.0,0.0047486,0.0047713,0.0046818,0.0046956,69634.44,1614905999999.0,328.46161072,25207.0,28096.15,132.64548507,0.0
2021-03-04 20:21:27.203791469,97,1614906000000.0,0.0046952,0.0046987,0.0046449,0.0046785,32209.45,1614909599999.0,150.47035584,14378.0,15425.43,72.07262526,0.0
2021-03-04 21:21:40.473933649,98,1614909600000.0,0.0046787,0.0047092,0.0046584,0.004704,26903.87,1614913199999.0,126.15218944,11950.0,14205.36,66.63669731,0.0
2021-03-04 22:21:53.744075829,99,1614913200000.0,0.004704,0.004713,0.0046784,0.0046784,20155.95,1614916799999.0,94.5876117,6910.0,11046.54,51.84635734,0.0
2021-03-04 23:22:07.014218009,100,1614916800000.0,0.0046807,0.0047049,0.0046655,0.00469,14865.12,1614920399999.0,69.65418012,7055.0,8278.29,38.79560976,0.0
2021-03-05 00:22:20.284360189,101,1614920400000.0,0.0046906,0.0046939,0.0046271,0.0046378,28076.18,1614923999999.0,130.60170081,9329.0,14759.87,68.64241005,0.0
2021-03-05 01:22:33.554502369,102,1614924000000.0,0.0046394,0.0046862,0.0046363,0.0046842,16151.84,1614927599999.0,75.30942224,7988.0,7205.86,33.60591837,0.0
2021-03-05 02:22:46.824644549,103,1614927600000.0,0.0046845,0.0047656,0.0046843,0.0047328,40383.04,1614931199999.0,191.47608842,13692.0,20519.42,97.26179575,0.0
2021-03-05 03:23:00.094786729,104,1614931200000.0,0.0047328,0.0047467,0.0046703,0.0046945,32243.33,1614934799999.0,151.74494102,12137.0,12784.37,60.16346328,0.0
2021-03-05 04:23:13.364928909,105,1614934800000.0,0.0046945,0.0047103,0.0046888,0.0046969,20203.81,1614938399999.0,94.95207681,7548.0,7966.33,37.44077068,0.0
2021-03-05 05:23:26.635071090,106,1614938400000.0,0.0046967,0.0047186,0.0046864,0.0047004,10317.29,1614941999999.0,48.525495,6034.0,4976.0,23.40640705,0.0
2021-03-05 06:23:39.905213270,107,1614942000000.0,0.0047001,0.0047252,0.0046934,0.0047163,13346.76,1614945599999.0,62.88284188,6250.0,6969.24,32.83549671,0.0
2021-03-05 07:23:53.175355450,108,1614945600000.0,0.0047164,0.0047272,0.0046875,0.0046979,23759.63,1614949199999.0,111.90175882,8274.0,12923.43,60.85401727,0.0
2021-03-05 08:24:06.445497630,109,1614949200000.0,0.0047004,0.0047355,0.0046795,0.0047007,28094.35,1614952799999.0,132.27086584,12479.0,14511.55,68.33417014,0.0
2021-03-05 09:24:19.715639810,110,1614952800000.0,0.0047007,0.0047663,0.0047007,0.004703,39151.41,1614956399999.0,185.06079296,14553.0,24119.39,114.01355788,0.0
2021-03-05 10:24:32.985781990,111,1614956400000.0,0.0047029,0.0047098,0.004658,0.0046691,28181.59,1614959999999.0,132.14143221,10247.0,9124.38,42.74945695,0.0
2021-03-05 11:24:46.255924170,112,1614960000000.0,0.0046691,0.0046786,0.004638,0.0046716,22508.11,1614963599999.0,104.86397998,11001.0,11557.8,53.85679144,0.0
2021-03-05 12:24:59.526066350,113,1614963600000.0,0.0046715,0.0046872,0.0046575,0.0046827,15682.88,1614967199999.0,73.31072479,6919.0,6801.22,31.80471806,0.0
2021-03-05 13:25:12.796208530,114,1614967200000.0,0.0046827,0.004706,0.00466,0.004671,20283.28,1614970799999.0,94.95645146,8464.0,8941.29,41.85999067,0.0
2021-03-05 14:25:26.066350710,115,1614970800000.0,0.0046703,0.0046766,0.0046162,0.0046197,20066.01,1614974399999.0,93.12913001,7598.0,9892.74,45.90721353,0.0
2021-03-05 15:25:39.336492891,116,1614974400000.0,0.0046199,0.0046327,0.0045923,0.0046143,20043.34,1614977999999.0,92.48497776,8170.0,7469.6,34.48800185,0.0
2021-03-05 16:25:52.606635071,117,1614978000000.0,0.0046159,0.0046716,0.0046023,0.004634,18998.59,1614981599999.0,88.22994934,7934.0,9171.83,42.6156906,0.0
2021-03-05 17:26:05.876777251,118,1614981600000.0,0.004633,0.0046839,0.0046118,0.0046446,16816.55,1614985199999.0,78.0570662,8938.0,8591.84,39.88486321,0.0
2021-03-05 18:26:19.146919431,119,1614985200000.0,0.0046443,0.0046456,0.0045977,0.0046243,11825.04,1614988799999.0,54.57445678,5516.0,5236.17,24.16555628,0.0
2021-03-05 19:26:32.417061611,120,1614988800000.0,0.0046243,0.0046652,0.0046083,0.0046468,17501.36,1614992399999.0,81.16432553,7322.0,9253.63,42.9325276,0.0
2021-03-05 20:26:45.687203791,121,1614992400000.0,0.0046462,0.0046467,0.0046284,0.004632,7642.72,1614995999999.0,35.43013781,3604.0,3917.59,18.1628933,0.0
2021-03-05 21:26:58.957345971,122,1614999600000.0,0.0046334,0.0046517,0.0046161,0.0046248,5959.73,1615003199999.0,27.60643792,2396.0,2304.19,10.67820036,0.0
2021-03-05 22:27:12.227488151,123,1615003200000.0,0.0046251,0.0046314,0.004607,0.0046193,14593.03,1615006799999.0,67.39529261,6444.0,6896.98,31.85444683,0.0
2021-03-05 23:27:25.497630331,124,1615006800000.0,0.0046193,0.004683,0.0046115,0.0046827,20876.65,1615010399999.0,96.95242731,7997.0,11818.58,54.87924884,0.0
2021-03-06 00:27:38.767772511,125,1615010400000.0,0.0046827,0.0047185,0.0046704,0.0046734,35799.93,1615013999999.0,168.1286315,11032.0,16118.25,75.69936626,0.0
2021-03-06 01:27:52.037914691,126,1615014000000.0,0.0046734,0.0046872,0.004668,0.0046863,15139.84,1615017599999.0,70.83611317,4369.0,7444.89,34.8346633,0.0
2021-03-06 02:28:05.308056872,127,1615017600000.0,0.0046861,0.0047435,0.0046851,0.0047204,35828.33,1615021199999.0,169.36712142,11472.0,17206.17,81.29489901,0.0
2021-03-06 03:28:18.578199052,128,1615021200000.0,0.0047206,0.0047291,0.0046625,0.0046722,36385.22,1615024799999.0,170.86210391,9560.0,15708.41,73.78950128,0.0
2021-03-06 04:28:31.848341232,129,1615024800000.0,0.0046719,0.0046957,0.004665,0.0046836,24891.52,1615028399999.0,116.66605067,6638.0,12128.26,56.84774385,0.0
2021-03-06 05:28:45.118483412,130,1615028400000.0,0.0046829,0.0046946,0.0046699,0.0046769,20400.11,1615031999999.0,95.47558212,5663.0,11213.15,52.48198233,0.0
2021-03-06 06:28:58.388625592,131,1615032000000.0,0.0046765,0.0046946,0.004666,0.0046881,21983.34,1615035599999.0,102.89514191,7405.0,12256.5,57.38345145,0.0
2021-03-06 07:29:11.658767772,132,1615035600000.0,0.004688,0.0046937,0.0046494,0.0046896,27631.89,1615039199999.0,129.08369173,8442.0,15427.08,72.07813605,0.0
2021-03-06 08:29:24.928909952,133,1615039200000.0,0.0046884,0.0046967,0.0046554,0.0046814,25116.39,1615042799999.0,117.39779754,7029.0,13530.61,63.24378474,0.0
2021-03-06 09:29:38.199052132,134,1615042800000.0,0.004681,0.0046947,0.0046643,0.0046877,22807.88,1615046399999.0,106.78486104,6000.0,11427.8,53.50106997,0.0
2021-03-06 10:29:51.469194312,135,1615046400000.0,0.0046917,0.004694,0.0046665,0.0046782,22092.67,1615049999999.0,103.41434699,6461.0,11178.6,52.33071965,0.0
2021-03-06 11:30:04.739336492,136,1615050000000.0,0.0046783,0.0046818,0.0046408,0.0046625,28483.19,1615053599999.0,132.88227886,8351.0,11562.27,53.9252264,0.0
2021-03-06 12:30:18.009478673,137,1615053600000.0,0.0046616,0.0046696,0.0046418,0.0046484,21523.97,1615057199999.0,100.25439133,6844.0,11446.41,53.31571835,0.0
2021-03-06 13:30:31.279620853,138,1615057200000.0,0.0046484,0.0046526,0.0046213,0.004639,18209.57,1615060799999.0,84.39988629,5890.0,9645.57,44.7111154,0.0
2021-03-06 14:30:44.549763033,139,1615060800000.0,0.0046389,0.0046474,0.004614,0.0046205,22590.36,1615064399999.0,104.66513018,6593.0,12476.77,57.81653206,0.0
2021-03-06 15:30:57.819905213,140,1615064400000.0,0.0046202,0.0046311,0.0046061,0.0046117,18100.54,1615067999999.0,83.59555379,5487.0,10484.55,48.42509304,0.0
2021-03-06 16:31:11.090047393,141,1615068000000.0,0.0046117,0.0046334,0.0045924,0.0046329,22577.78,1615071599999.0,104.09271887,6811.0,12470.93,57.51636482,0.0
2021-03-06 17:31:24.360189573,142,1615071600000.0,0.0046334,0.0046386,0.0046114,0.0046307,17583.15,1615075199999.0,81.33712127,4605.0,9863.11,45.62877944,0.0
2021-03-06 18:31:37.630331753,143,1615075200000.0,0.0046307,0.0046712,0.0046178,0.0046405,32656.97,1615078799999.0,151.83982721,8644.0,15800.67,73.45287126,0.0
2021-03-06 19:31:50.900473933,144,1615078800000.0,0.0046399,0.0046447,0.0046133,0.0046208,20520.86,1615082399999.0,94.95418127,5260.0,8066.18,37.31893966,0.0
2021-03-06 20:32:04.170616113,145,1615082400000.0,0.0046206,0.0046357,0.0045974,0.0046126,19335.89,1615085999999.0,89.20866073,5683.0,10354.37,47.77931871,0.0
2021-03-06 21:32:17.440758293,146,1615086000000.0,0.0046114,0.0046173,0.0045856,0.0045981,25303.7,1615089599999.0,116.48772633,5698.0,16047.05,73.88843214,0.0
2021-03-06 22:32:30.710900473,147,1615089600000.0,0.0045976,0.0046057,0.0045825,0.004585,12741.44,1615093199999.0,58.55206348,4408.0,6578.81,30.23700641,0.0
2021-03-06 23:32:43.981042654,148,1615093200000.0,0.004585,0.0045974,0.0045753,0.0045902,13520.33,1615096799999.0,61.98805924,4953.0,5956.61,27.31184321,0.0
2021-03-07 00:32:57.251184834,149,1615096800000.0,0.0045902,0.0045947,0.004573,0.0045834,14564.38,1615100399999.0,66.78521807,5594.0,9659.64,44.29870229,0.0
2021-03-07 01:33:10.521327014,150,1615100400000.0,0.0045835,0.0046221,0.0045831,0.0045957,46201.41,1615103999999.0,212.35507821,7523.0,33632.66,154.5338236,0.0
2021-03-07 02:33:23.791469194,151,1615104000000.0,0.0045955,0.0046039,0.0045146,0.0045336,34922.0,1615107599999.0,158.95455344,13877.0,14882.81,67.72708159,0.0
2021-03-07 03:33:37.061611374,152,1615107600000.0,0.0045337,0.0046507,0.0045312,0.0046507,38813.12,1615111199999.0,177.75352423,15055.0,19891.55,91.10803123,0.0
2021-03-07 04:33:50.331753554,153,1615111200000.0,0.0046504,0.0048128,0.0046288,0.0047796,119535.96,1615114799999.0,565.81159693,36676.0,56151.91,265.90917688,0.0
2021-03-07 05:34:03.601895734,154,1615114800000.0,0.0047794,0.0047936,0.0047358,0.0047497,32235.97,1615118399999.0,153.39421748,13077.0,14880.78,70.81913783,0.0
2021-03-07 06:34:16.872037914,155,1615118400000.0,0.0047498,0.0047532,0.0047061,0.0047203,26084.73,1615121999999.0,123.16744256,9504.0,12849.45,60.67652996,0.0
2021-03-07 07:34:30.142180094,156,1615122000000.0,0.0047205,0.0047209,0.004683,0.0046988,17399.47,1615125599999.0,81.78287242,7818.0,7699.5,36.20367465,0.0
2021-03-07 08:34:43.412322274,157,1615125600000.0,0.0046988,0.0047157,0.0046866,0.0046904,21389.42,1615129199999.0,100.5197003,8428.0,11513.16,54.12289769,0.0
2021-03-07 09:34:56.682464455,158,1615129200000.0,0.0046904,0.0046927,0.0046392,0.0046517,39605.46,1615132799999.0,184.68370441,9541.0,20485.85,95.45659699,0.0
2021-03-07 10:35:09.952606635,159,1615132800000.0,0.0046516,0.0046806,0.0046431,0.004666,26229.07,1615136399999.0,122.24887157,10607.0,13322.15,62.09221799,0.0
2021-03-07 11:35:23.222748815,160,1615136400000.0,0.004666,0.0046672,0.0046426,0.0046441,18593.24,1615139999999.0,86.53000784,8955.0,10562.59,49.1650048,0.0
2021-03-07 12:35:36.492890995,161,1615140000000.0,0.0046446,0.0046642,0.0046264,0.0046385,11818.01,1615143599999.0,54.93779412,6793.0,6291.61,29.25859236,0.0
2021-03-07 13:35:49.763033175,162,1615143600000.0,0.004639,0.004642,0.004606,0.0046284,19861.89,1615147199999.0,91.81804682,7101.0,9736.03,45.00563151,0.0
2021-03-07 14:36:03.033175355,163,1615147200000.0,0.0046272,0.0046772,0.0046201,0.0046769,11978.04,1615150799999.0,55.60721182,6354.0,7072.62,32.84702891,0.0
2021-03-07 15:36:16.303317535,164,1615150800000.0,0.0046755,0.0047017,0.00467,0.0047009,11227.88,1615154399999.0,52.57564796,4983.0,5150.4,24.12553104,0.0
2021-03-07 16:36:29.573459715,165,1615154400000.0,0.0047009,0.0047198,0.0046624,0.0046702,16509.35,1615157999999.0,77.49169483,7426.0,7645.4,35.88619597,0.0
2021-03-07 17:36:42.843601895,166,1615158000000.0,0.0046702,0.0047078,0.0046437,0.0047078,20173.23,1615161599999.0,94.11687831,7558.0,9794.42,45.69469963,0.0
2021-03-07 18:36:56.113744075,167,1615161600000.0,0.004708,0.0047161,0.0046188,0.004647,47059.89,1615165199999.0,220.31749045,11204.0,20015.69,93.75222582,0.0
2021-03-07 19:37:09.383886255,168,1615165200000.0,0.004647,0.0046567,0.0046045,0.0046078,15016.27,1615168799999.0,69.54426224,7006.0,6608.72,30.61367382,0.0
2021-03-07 20:37:22.654028436,169,1615168800000.0,0.0046078,0.0046516,0.0045865,0.0046457,17076.42,1615172399999.0,78.81779769,8236.0,9324.48,43.05626947,0.0
2021-03-07 21:37:35.924170616,170,1615172400000.0,0.0046455,0.004683,0.0046379,0.0046797,12690.62,1615175999999.0,59.1487874,6226.0,7589.81,35.37750104,0.0
2021-03-07 22:37:49.194312796,171,1615176000000.0,0.0046793,0.0047108,0.0046747,0.0046974,16062.45,1615179599999.0,75.41450285,5720.0,8726.37,40.97280454,0.0
2021-03-07 23:38:02.464454976,172,1615179600000.0,0.0046988,0.0047379,0.0046809,0.0047219,30773.44,1615183199999.0,145.01252722,8343.0,15086.39,71.09817093,0.0
2021-03-08 00:38:15.734597156,173,1615183200000.0,0.0047219,0.0047265,0.0046766,0.0046975,18261.41,1615186799999.0,85.71991288,8080.0,8282.55,38.87596054,0.0
2021-03-08 01:38:29.004739336,174,1615186800000.0,0.0046959,0.004715,0.004659,0.0046706,33868.48,1615190399999.0,158.40070975,9730.0,20047.47,93.73766869,0.0
2021-03-08 02:38:42.274881516,175,1615190400000.0,0.0046706,0.0046813,0.0046338,0.0046454,17852.36,1615193999999.0,83.20754842,7808.0,9142.51,42.62296974,0.0
2021-03-08 03:38:55.545023696,176,1615194000000.0,0.0046443,0.0046678,0.00462,0.0046312,26163.56,1615197599999.0,121.51170686,9095.0,11666.33,54.1947043,0.0
2021-03-08 04:39:08.815165876,177,1615197600000.0,0.0046314,0.0046808,0.0046248,0.004664,18526.06,1615201199999.0,86.14746989,7415.0,9992.83,46.47633321,0.0
2021-03-08 05:39:22.085308056,178,1615201200000.0,0.004664,0.0046742,0.0046328,0.0046436,14667.37,1615204799999.0,68.2482159,7081.0,6731.89,31.33603124,0.0
2021-03-08 06:39:35.355450237,179,1615204800000.0,0.0046436,0.0046522,0.0046177,0.0046206,13501.18,1615208399999.0,62.56314515,7144.0,6019.04,27.89836075,0.0
2021-03-08 07:39:48.625592417,180,1615208400000.0,0.004621,0.0046303,0.0045941,0.004595,19027.7,1615211999999.0,87.70752534,8445.0,8884.88,40.9745716,0.0
2021-03-08 08:40:01.895734597,181,1615212000000.0,0.0045951,0.0046273,0.0045893,0.0046207,15792.58,1615215599999.0,72.78189667,8308.0,8520.65,39.28150657,0.0
2021-03-08 09:40:15.165876777,182,1615215600000.0,0.0046209,0.0046235,0.0045889,0.0046136,18179.53,1615219199999.0,83.75963145,9117.0,9173.57,42.27348347,0.0
2021-03-08 10:40:28.436018957,183,1615219200000.0,0.004614,0.0046208,0.0046018,0.004609,14442.84,1615222799999.0,66.5932476,6778.0,7986.96,36.83437325,0.0
2021-03-08 11:40:41.706161137,184,1615222800000.0,0.0046085,0.0046163,0.004595,0.0045978,13953.53,1615226399999.0,64.28729365,5731.0,5859.89,26.99422697,0.0
2021-03-08 12:40:54.976303317,185,1615226400000.0,0.0045977,0.0046178,0.0045866,0.0046001,12477.93,1615229999999.0,57.36984543,7511.0,5325.68,24.4958162,0.0
2021-03-08 13:41:08.246445497,186,1615230000000.0,0.0045986,0.0046068,0.0045761,0.0045945,16951.3,1615233599999.0,77.86318338,7133.0,7731.28,35.52410893,0.0
2021-03-08 14:41:21.516587677,187,1615233600000.0,0.0045947,0.0046,0.0045477,0.0045591,16888.38,1615237199999.0,77.25478758,8041.0,7423.37,33.97890362,0.0
2021-03-08 15:41:34.786729857,188,1615237200000.0,0.0045589,0.0045762,0.0045378,0.0045522,13228.75,1615240799999.0,60.30330525,7838.0,6135.26,27.96930927,0.0
2021-03-08 16:41:48.056872037,189,1615240800000.0,0.0045522,0.0045913,0.0045477,0.0045674,12614.58,1615244399999.0,57.61322712,8342.0,7020.04,32.06808572,0.0
2021-03-08 17:42:01.327014218,190,1615244400000.0,0.0045674,0.0046135,0.0045629,0.0045924,24508.39,1615247999999.0,112.56567859,10033.0,11242.21,51.62810971,0.0
2021-03-08 18:42:14.597156398,191,1615248000000.0,0.0045926,0.0045929,0.004532,0.0045667,38707.07,1615251599999.0,176.18670837,11368.0,18852.29,85.80356624,0.0
2021-03-08 19:42:27.867298578,192,1615251600000.0,0.0045671,0.0045686,0.0044675,0.0044854,50261.81,1615255199999.0,227.05378801,12744.0,25008.33,112.99781337,0.0
2021-03-08 20:42:41.137440758,193,1615255200000.0,0.0044831,0.004581,0.0044644,0.0045804,37268.17,1615258799999.0,168.02786527,14401.0,20719.13,93.37168358,0.0
2021-03-08 21:42:54.407582938,194,1615258800000.0,0.0045784,0.0046145,0.0045416,0.0045452,34078.07,1615262399999.0,156.17987244,13734.0,17594.33,80.68123481,0.0
2021-03-08 22:43:07.677725118,195,1615262400000.0,0.0045451,0.004549,0.0045074,0.0045385,28633.77,1615265999999.0,129.68994782,8536.0,12437.89,56.34507561,0.0
2021-03-08 23:43:20.947867298,196,1615266000000.0,0.0045364,0.0045468,0.0045059,0.0045069,23978.02,1615269599999.0,108.64932475,6899.0,12644.8,57.3151275,0.0
2021-03-09 00:43:34.218009478,197,1615269600000.0,0.0045067,0.004544,0.0044838,0.0045204,31302.39,1615273199999.0,141.21793915,10560.0,17869.03,80.62553854,0.0
2021-03-09 01:43:47.488151658,198,1615273200000.0,0.0045173,0.0045359,0.004486,0.0045276,27506.28,1615276799999.0,123.94703236,11253.0,14271.55,64.32558997,0.0
2021-03-09 02:44:00.758293838,199,1615276800000.0,0.0045297,0.00458,0.0045297,0.0045759,28225.18,1615280399999.0,128.62722657,10983.0,16465.44,75.02138297,0.0
2021-03-09 03:44:14.028436019,200,1615280400000.0,0.0045759,0.00489,0.0045659,0.0048025,238746.36,1615283999999.0,1138.48230136,56587.0,107744.68,514.14412307,0.0
2021-03-09 04:44:27.298578199,201,1615284000000.0,0.0048025,0.0051228,0.0048021,0.0050108,218500.59,1615287599999.0,1092.48976028,66232.0,118352.32,591.36877776,0.0
2021-03-09 05:44:40.568720379,202,1615287600000.0,0.0050108,0.0050108,0.0048548,0.0049379,146460.99,1615291199999.0,721.70469137,35214.0,70532.36,347.71190185,0.0
2021-03-09 06:44:53.838862559,203,1615291200000.0,0.0049378,0.0050687,0.0049282,0.0049498,89198.5,1615294799999.0,444.72046047,29405.0,47742.16,238.08646858,0.0
2021-03-09 07:45:07.109004739,204,1615294800000.0,0.0049496,0.0050115,0.0049242,0.0049246,64813.62,1615298399999.0,321.97053993,17773.0,26870.1,133.50564065,0.0
2021-03-09 08:45:20.379146919,205,1615298400000.0,0.0049249,0.005045,0.00491,0.0050404,69648.63,1615301999999.0,346.95194598,17585.0,33626.74,167.598482,0.0
2021-03-09 09:45:33.649289099,206,1615302000000.0,0.0050442,0.00517,0.0050403,0.0051092,160870.5,1615305599999.0,821.18273918,39139.0,74932.91,382.62418734,0.0
2021-03-09 10:45:46.919431279,207,1615305600000.0,0.0051092,0.0051327,0.00503,0.0050919,83439.12,1615309199999.0,424.05888576,22703.0,33538.57,170.50614293,0.0
2021-03-09 11:46:00.189573459,208,1615309200000.0,0.0050918,0.005115,0.0050551,0.0050646,47476.0,1615312799999.0,241.5431475,14856.0,21193.97,107.84758402,0.0
2021-03-09 12:46:13.459715639,209,1615312800000.0,0.0050647,0.0050854,0.0050206,0.0050705,40712.0,1615316399999.0,205.73236132,14097.0,18342.98,92.74868555,0.0
2021-03-09 13:46:26.729857819,210,1615316400000.0,0.0050687,0.005126,0.0050667,0.0051201,24301.27,1615319999999.0,123.95405308,9306.0,12306.21,62.77860669,0.0
2021-03-09 14:46:40.000000000,211,1615320000000.0,0.0051205,0.0052297,0.0050898,0.00521,66929.43,1615323599999.0,345.209663,20913.0,35310.32,182.18952764,0.0
2021-03-09 15:46:53.270142180,212,1615323600000.0,0.0052111,0.005348,0.0052,0.0052828,107868.46,1615327199999.0,570.72172775,32598.0,54164.2,286.67163721,0.0
2021-03-09 16:47:06.540284360,213,1615327200000.0,0.0052783,0.0054685,0.005275,0.0053828,91726.49,1615330799999.0,494.06888108,32580.0,48683.12,262.48706252,0.0
2021-03-09 17:47:19.810426540,214,1615330800000.0,0.0053826,0.0054143,0.0052841,0.0053456,71635.69,1615334399999.0,382.51063872,22067.0,31176.51,166.47324493,0.0
2021-03-09 18:47:33.080568720,215,1615334400000.0,0.0053433,0.0053825,0.0051425,0.005169,87625.56,1615337999999.0,459.31949956,26295.0,49675.91,260.07590913,0.0
2021-03-09 19:47:46.350710900,216,1615338000000.0,0.00517,0.0051903,0.0050222,0.0051302,83881.4,1615341599999.0,428.29210589,25812.0,36689.32,187.45481734,0.0
2021-03-09 20:47:59.620853080,217,1615341600000.0,0.0051302,0.0051425,0.0049629,0.0051183,104610.01,1615345199999.0,529.21932599,32811.0,44811.89,226.59320212,0.0
2021-03-09 21:48:12.890995260,218,1615345200000.0,0.0051182,0.0051708,0.0050685,0.0051096,59977.06,1615348799999.0,306.88424718,20197.0,28460.3,145.49273379,0.0
2021-03-09 22:48:26.161137440,219,1615348800000.0,0.0051086,0.0052778,0.0050712,0.0052597,50235.32,1615352399999.0,260.02671577,20118.0,26081.31,135.13274985,0.0
2021-03-09 23:48:39.431279620,220,1615352400000.0,0.0052597,0.0052673,0.0051892,0.0052208,41214.83,1615355999999.0,215.03178486,16236.0,23406.21,122.12232587,0.0
2021-03-10 00:48:52.701421800,221,1615356000000.0,0.0052204,0.0052633,0.0051518,0.0052454,48319.19,1615359599999.0,251.42679571,19476.0,32172.61,167.39188142,0.0
2021-03-10 01:49:05.971563981,222,1615359600000.0,0.005246,0.0053,0.0052211,0.0052821,48492.49,1615363199999.0,255.54890846,20092.0,29671.76,156.37544433,0.0
2021-03-10 02:49:19.241706161,223,1615363200000.0,0.0052833,0.0052901,0.0051949,0.00524,48120.21,1615366799999.0,251.83098062,18000.0,28431.5,148.87783604,0.0
2021-03-10 03:49:32.511848341,224,1615366800000.0,0.0052386,0.005245,0.0051826,0.0052143,38842.25,1615370399999.0,202.58455328,15777.0,18488.65,96.42858769,0.0
2021-03-10 04:49:45.781990521,225,1615370400000.0,0.0052141,0.0052189,0.005045,0.0050744,68407.33,1615373999999.0,350.03880656,25274.0,28529.07,146.04387454,0.0
2021-03-10 05:49:59.052132701,226,1615374000000.0,0.0050742,0.0051424,0.0050379,0.0050967,45272.65,1615377599999.0,230.40133275,15836.0,22511.94,114.56046806,0.0
2021-03-10 06:50:12.322274881,227,1615377600000.0,0.0050986,0.0051388,0.0050883,0.0051275,32513.01,1615381199999.0,166.05053875,10345.0,14179.91,72.4315253,0.0
2021-03-10 07:50:25.592417061,228,1615381200000.0,0.0051276,0.0051562,0.005054,0.0050597,82405.66,1615384799999.0,421.98367759,20498.0,27020.19,138.00535976,0.0
2021-03-10 08:50:38.862559241,229,1615384800000.0,0.005059,0.0050967,0.0050284,0.0050666,40238.91,1615388399999.0,203.71457819,16131.0,17799.45,90.10144351,0.0
2021-03-10 09:50:52.132701421,230,1615388400000.0,0.0050646,0.0050857,0.0050117,0.0050587,46177.82,1615391999999.0,233.15430013,16114.0,27231.38,137.42133111,0.0
2021-03-10 10:51:05.402843601,231,1615392000000.0,0.0050588,0.0051288,0.0050332,0.005052,44683.84,1615395599999.0,227.1358945,14963.0,20120.79,102.28116583,0.0
2021-03-10 11:51:18.672985782,232,1615395600000.0,0.0050522,0.0050657,0.0050182,0.0050317,30650.42,1615399199999.0,154.50533867,11001.0,13564.92,68.39279616,0.0
2021-03-10 12:51:31.943127962,233,1615399200000.0,0.0050318,0.0050359,0.0049745,0.0049922,31594.72,1615402799999.0,158.33277983,11259.0,13358.82,66.97566098,0.0
2021-03-10 13:51:45.213270142,234,1615402800000.0,0.0049922,0.0050507,0.0049751,0.0050341,27924.36,1615406399999.0,140.05206613,13148.0,15052.64,75.49642687,0.0
2021-03-10 14:51:58.483412322,235,1615406400000.0,0.0050358,0.0050385,0.0049,0.0049125,62360.96,1615409999999.0,309.27678651,17254.0,28215.42,139.85692178,0.0
2021-03-10 15:52:11.753554502,236,1615410000000.0,0.0049127,0.0049788,0.0048544,0.0049644,64342.45,1615413599999.0,316.7717217,17578.0,29189.63,143.76499138,0.0
2021-03-10 16:52:25.023696682,237,1615413600000.0,0.0049648,0.0050024,0.004961,0.0049698,18600.42,1615417199999.0,92.67124891,8745.0,8860.65,44.1540413,0.0
2021-03-10 17:52:38.293838862,238,1615417200000.0,0.0049698,0.0050076,0.0049383,0.004985,36019.22,1615420799999.0,178.97550016,11776.0,17716.69,88.0661329,0.0
2021-03-10 18:52:51.563981042,239,1615420800000.0,0.0049862,0.0050489,0.004952,0.0050009,45370.78,1615424399999.0,227.04596839,13823.0,25223.24,126.21857323,0.0
2021-03-10 19:53:04.834123222,240,1615424400000.0,0.0050009,0.0050255,0.0049905,0.0050225,29169.25,1615427999999.0,146.07713842,9730.0,16548.9,82.87570153,0.0
2021-03-10 20:53:18.104265402,241,1615428000000.0,0.0050214,0.0050434,0.005015,0.0050381,15759.5,1615431599999.0,79.27575261,8166.0,7724.77,38.86438217,0.0
2021-03-10 21:53:31.374407582,242,1615431600000.0,0.005038,0.0050939,0.00501,0.0050939,23040.07,1615435199999.0,116.17006559,10678.0,15137.27,76.32277086,0.0
2021-03-10 22:53:44.644549763,243,1615435200000.0,0.0050931,0.0051482,0.0050654,0.0050817,36775.55,1615438799999.0,187.58770966,14593.0,18672.12,95.23279382,0.0
2021-03-10 23:53:57.914691943,244,1615438800000.0,0.0050816,0.0050944,0.005034,0.0050489,25224.18,1615442399999.0,127.61979102,10391.0,14186.06,71.76319253,0.0
2021-03-11 00:54:11.184834123,245,1615442400000.0,0.005049,0.0050802,0.005032,0.0050674,28459.65,1615445999999.0,144.06047096,8737.0,13190.92,66.7628724,0.0
2021-03-11 01:54:24.454976303,246,1615446000000.0,0.0050672,0.0051017,0.0050518,0.0050618,57091.52,1615449599999.0,289.86692575,10021.0,30263.45,153.63165706,0.0
2021-03-11 02:54:37.725118483,247,1615449600000.0,0.0050618,0.0050711,0.0050127,0.0050614,53746.68,1615453199999.0,270.99182942,17034.0,28566.29,144.05851137,0.0
2021-03-11 03:54:50.995260663,248,1615453200000.0,0.0050613,0.0050629,0.0050137,0.0050566,25338.63,1615456799999.0,127.64074195,10564.0,13056.93,65.79992942,0.0
2021-03-11 04:55:04.265402843,249,1615456800000.0,0.0050554,0.005114,0.0050537,0.005077,54872.86,1615460399999.0,279.46661339,14318.0,20161.61,102.55732176,0.0
2021-03-11 05:55:17.535545023,250,1615460400000.0,0.0050769,0.0050897,0.0050149,0.0050193,27556.97,1615463999999.0,139.24762286,12765.0,13984.19,70.67289044,0.0
2021-03-11 06:55:30.805687203,251,1615464000000.0,0.005019,0.0050314,0.0049982,0.0050168,40996.88,1615467599999.0,205.67966739,12063.0,17031.67,85.45669913,0.0
2021-03-11 07:55:44.075829383,252,1615467600000.0,0.0050168,0.0053822,0.0049997,0.0053234,166083.82,1615471199999.0,867.95587491,50997.0,86887.67,453.85402761,0.0
2021-03-11 08:55:57.345971564,253,1615471200000.0,0.005326,0.0055176,0.0053134,0.0054186,292085.04,1615474799999.0,1577.27908654,65131.0,141996.35,767.26227092,0.0
2021-03-11 09:56:10.616113744,254,1615474800000.0,0.0054175,0.0054467,0.0050677,0.0051735,260964.8,1615478399999.0,1358.10697697,73686.0,130643.42,679.53012935,0.0
2021-03-11 10:56:23.886255924,255,1615478400000.0,0.0051735,0.0052481,0.0051007,0.0051293,84571.28,1615481999999.0,437.27291181,24400.0,39639.37,205.06986488,0.0
2021-03-11 11:56:37.156398104,256,1615482000000.0,0.0051302,0.0051435,0.0050909,0.005122,55066.62,1615485599999.0,281.8629472,17508.0,24867.55,127.33588003,0.0
2021-03-11 12:56:50.426540284,257,1615485600000.0,0.0051222,0.0051377,0.0050732,0.0050989,38369.5,1615489199999.0,196.00880905,15111.0,19551.1,99.88331796,0.0
2021-03-11 13:57:03.696682464,258,1615489200000.0,0.0050984,0.0051009,0.0050345,0.0050572,41272.2,1615492799999.0,209.09889304,16668.0,22609.89,114.57043208,0.0
2021-03-11 14:57:16.966824644,259,1615492800000.0,0.0050561,0.0051008,0.005055,0.0050645,33225.56,1615496399999.0,168.74856264,12914.0,15857.3,80.54329978,0.0
2021-03-11 15:57:30.236966824,260,1615496400000.0,0.005065,0.00515,0.0050284,0.0050423,62988.64,1615499999999.0,318.87425652,18392.0,33215.12,168.2249549,0.0
2021-03-11 16:57:43.507109004,261,1615500000000.0,0.0050425,0.0050701,0.0050045,0.0050133,46015.63,1615503599999.0,231.31095251,14647.0,32926.94,165.47774493,0.0
2021-03-11 17:57:56.777251184,262,1615503600000.0,0.0050132,0.0050303,0.0049759,0.0050191,31755.8,1615507199999.0,158.76391677,10909.0,16069.47,80.32984249,0.0
2021-03-11 18:58:10.047393364,263,1615507200000.0,0.0050191,0.00502,0.0049,0.0049709,49849.59,1615510799999.0,246.91395304,17309.0,25185.52,124.73558482,0.0
2021-03-11 19:58:23.317535545,264,1615510800000.0,0.0049709,0.0049841,0.0049274,0.0049678,32836.65,1615514399999.0,162.98558298,8374.0,17069.5,84.76407855,0.0
2021-03-11 20:58:36.587677725,265,1615514400000.0,0.0049666,0.0049761,0.0049401,0.0049571,24775.89,1615517999999.0,122.90730509,6586.0,7733.03,38.3463053,0.0
2021-03-11 21:58:49.857819905,266,1615518000000.0,0.0049571,0.0049726,0.004937,0.004946,28742.95,1615521599999.0,142.2111605,6695.0,15593.24,77.13501095,0.0
2021-03-11 22:59:03.127962085,267,1615521600000.0,0.0049444,0.004951,0.0048901,0.0049391,24812.66,1615525199999.0,121.97395544,9490.0,10858.9,53.39459876,0.0
2021-03-11 23:59:16.398104265,268,1615525200000.0,0.0049391,0.0049869,0.0049308,0.0049602,25226.82,1615528799999.0,125.07401448,10012.0,13687.38,67.86595471,0.0
2021-03-12 00:59:29.668246445,269,1615528800000.0,0.0049602,0.0049602,0.0049075,0.0049227,30650.84,1615532399999.0,151.07203325,9183.0,17072.86,84.14538134,0.0
2021-03-12 01:59:42.938388625,270,1615532400000.0,0.0049226,0.0049386,0.0048991,0.004926,18169.1,1615535999999.0,89.41945429,8532.0,8140.01,40.06828359,0.0
2021-03-12 02:59:56.208530805,271,1615536000000.0,0.0049273,0.0050007,0.004923,0.0049868,39019.09,1615539599999.0,194.18459663,10947.0,15412.05,76.60880606,0.0
2021-03-12 04:00:09.478672985,272,1615539600000.0,0.0049867,0.0051,0.0049703,0.0050771,40855.01,1615543199999.0,206.24189498,16547.0,23463.4,118.54024314,0.0
2021-03-12 05:00:22.748815165,273,1615543200000.0,0.0050775,0.0050795,0.0049761,0.0049795,40760.67,1615546799999.0,204.37187581,14427.0,21148.62,106.02492207,0.0
2021-03-12 06:00:36.018957346,274,1615546800000.0,0.0049795,0.004985,0.0049248,0.004945,29166.98,1615550399999.0,144.47013856,10405.0,13769.91,68.21090072,0.0
2021-03-12 07:00:49.289099526,275,1615550400000.0,0.0049449,0.0049462,0.0048671,0.0048736,41819.14,1615553999999.0,205.00239701,12978.0,20404.82,100.11871838,0.0
2021-03-12 08:01:02.559241706,276,1615554000000.0,0.0048739,0.0048835,0.0044716,0.0047485,415309.69,1615557599999.0,1936.51639451,94784.0,187722.74,874.61594956,0.0
2021-03-12 09:01:15.829383886,277,1615557600000.0,0.0047485,0.0047707,0.00467,0.0047649,99728.97,1615561199999.0,470.90402122,28620.0,41114.64,194.07662719,0.0
2021-03-12 10:01:29.099526066,278,1615561200000.0,0.0047649,0.0048049,0.004733,0.0047867,56206.44,1615564799999.0,268.46759795,20353.0,27310.22,130.45554505,0.0
2021-03-12 11:01:42.369668246,279,1615564800000.0,0.0047862,0.0047913,0.0046634,0.0046898,55453.98,1615568399999.0,262.59123427,18430.0,29274.63,138.64238254,0.0
2021-03-12 12:01:55.639810426,280,1615568400000.0,0.004689,0.0047159,0.0045636,0.0046099,60306.89,1615571999999.0,279.65643712,19766.0,32588.32,151.26869215,0.0
2021-03-12 13:02:08.909952606,281,1615572000000.0,0.0046097,0.0046394,0.0045991,0.0046152,37341.32,1615575599999.0,172.50304051,12722.0,22639.71,104.60698067,0.0
2021-03-12 14:02:22.180094786,282,1615575600000.0,0.0046152,0.0046333,0.0045818,0.0045886,37490.14,1615579199999.0,172.68439757,13386.0,18361.44,84.59148908,0.0
2021-03-12 15:02:35.450236966,283,1615579200000.0,0.0045891,0.0046159,0.00452,0.0045736,73353.35,1615582799999.0,335.22303989,23033.0,36696.34,167.76605724,0.0
2021-03-12 16:02:48.720379146,284,1615582800000.0,0.0045745,0.0046408,0.0045742,0.0046117,37795.34,1615586399999.0,174.42428577,15724.0,21901.2,101.09661742,0.0
2021-03-12 17:03:01.990521327,285,1615586400000.0,0.0046117,0.0046442,0.0046007,0.0046173,18829.34,1615589999999.0,86.98571186,9660.0,11685.36,53.98929953,0.0
2021-03-12 18:03:15.260663507,286,1615590000000.0,0.0046173,0.00462,0.0045791,0.0045966,17678.15,1615593599999.0,81.38148,8155.0,9952.1,45.81750298,0.0
2021-03-12 19:03:28.530805687,287,1615593600000.0,0.0045966,0.0046,0.0045568,0.004589,29702.15,1615597199999.0,136.02217879,11154.0,14152.45,64.82664765,0.0
2021-03-12 20:03:41.800947867,288,1615597200000.0,0.0045885,0.0045929,0.0045531,0.0045765,24187.42,1615600799999.0,110.60265833,8533.0,11801.03,53.97649516,0.0
2021-03-12 21:03:55.071090047,289,1615600800000.0,0.0045753,0.0046383,0.0045737,0.0046373,18014.47,1615604399999.0,83.08431719,7632.0,9564.52,44.11110662,0.0
2021-03-12 22:04:08.341232227,290,1615604400000.0,0.0046368,0.0046614,0.00459,0.0045924,28388.79,1615607999999.0,131.35646023,11357.0,17587.77,81.33255819,0.0
2021-03-12 23:04:21.611374407,291,1615608000000.0,0.0045924,0.0046216,0.0045829,0.0046201,14311.79,1615611599999.0,65.88344795,6188.0,7678.49,35.35641503,0.0
2021-03-13 00:04:34.881516587,292,1615611600000.0,0.0046211,0.0046888,0.0046075,0.0046736,28689.22,1615615199999.0,133.63249456,9897.0,13707.87,63.88405592,0.0
2021-03-13 01:04:48.151658767,293,1615615200000.0,0.0046735,0.0046921,0.0046495,0.0046573,17766.17,1615618799999.0,82.8950772,6481.0,10079.53,47.0138151,0.0
2021-03-13 02:05:01.421800947,294,1615618800000.0,0.0046566,0.0047541,0.0046552,0.0047154,34692.38,1615622399999.0,163.39219209,14415.0,18669.42,87.86504818,0.0
2021-03-13 03:05:14.691943128,295,1615622400000.0,0.0047171,0.0047635,0.0046565,0.0046762,37150.21,1615625999999.0,174.68649195,14071.0,17319.24,81.4227327,0.0
2021-03-13 04:05:27.962085308,296,1615626000000.0,0.004676,0.0046793,0.0046426,0.0046715,19150.15,1615629599999.0,89.26021963,8571.0,8000.8,37.30281429,0.0
2021-03-13 05:05:41.232227488,297,1615629600000.0,0.0046712,0.004694,0.0046122,0.0046867,66354.43,1615633199999.0,309.01771106,26120.0,35041.55,163.17345584,0.0
2021-03-13 06:05:54.502369668,298,1615633200000.0,0.004687,0.0047295,0.0046495,0.0046973,58199.14,1615636799999.0,273.02941301,20098.0,27315.49,128.1111182,0.0
2021-03-13 07:06:07.772511848,299,1615636800000.0,0.0046973,0.0047124,0.0046065,0.004626,43337.81,1615640399999.0,201.67286686,19189.0,21071.25,98.05651748,0.0
2021-03-13 08:06:21.042654028,300,1615640400000.0,0.004626,0.004632,0.0045948,0.0046197,31193.9,1615643999999.0,143.89464264,11806.0,15201.33,70.11342985,0.0
2021-03-13 09:06:34.312796208,301,1615644000000.0,0.0046199,0.0046673,0.0046164,0.0046486,22354.46,1615647599999.0,103.91426263,9959.0,10210.79,47.47042758,0.0
2021-03-13 10:06:47.582938388,302,1615647600000.0,0.0046496,0.0046585,0.0046,0.004625,17731.92,1615651199999.0,81.97601297,8387.0,8378.5,38.73531536,0.0
2021-03-13 11:07:00.853080568,303,1615651200000.0,0.0046261,0.0046354,0.0046016,0.0046236,16034.83,1615654799999.0,74.10470327,7769.0,8552.43,39.53009354,0.0
2021-03-13 12:07:14.123222748,304,1615654800000.0,0.0046236,0.0046487,0.0046075,0.0046218,16935.3,1615658399999.0,78.34474451,8133.0,7795.93,36.07349042,0.0
2021-03-13 13:07:27.393364928,305,1615658400000.0,0.0046217,0.0046264,0.0045857,0.0045885,18553.14,1615661999999.0,85.54389273,8301.0,9047.24,41.72751643,0.0
2021-03-13 14:07:40.663507109,306,1615662000000.0,0.0045885,0.0045956,0.0045615,0.0045733,23314.25,1615665599999.0,106.75304602,10497.0,11944.25,54.69258158,0.0
2021-03-13 15:07:53.933649289,307,1615665600000.0,0.0045734,0.0045989,0.0045173,0.0045289,36185.62,1615669199999.0,164.96197998,14273.0,16814.3,76.67004356,0.0
2021-03-13 16:08:07.203791469,308,1615669200000.0,0.0045282,0.0045394,0.004489,0.0045053,30993.66,1615672799999.0,139.87476521,12109.0,13493.28,60.91836623,0.0
2021-03-13 17:08:20.473933649,309,1615672800000.0,0.0045039,0.0045444,0.0044985,0.0045285,17585.0,1615676399999.0,79.46730354,7487.0,9488.73,42.88651749,0.0
2021-03-13 18:08:33.744075829,310,1615676400000.0,0.0045285,0.0045425,0.0045035,0.0045137,19845.86,1615679999999.0,89.71676184,7832.0,12040.41,54.42943862,0.0
2021-03-13 19:08:47.014218009,311,1615680000000.0,0.0045139,0.0045155,0.0044287,0.0044571,58688.84,1615683599999.0,262.37872415,16744.0,23892.23,106.89322871,0.0
2021-03-13 20:09:00.284360189,312,1615683600000.0,0.0044571,0.0044701,0.0044037,0.0044614,37696.91,1615687199999.0,167.27659493,11654.0,19230.51,85.34067844,0.0
2021-03-13 21:09:13.554502369,313,1615687200000.0,0.0044621,0.0044931,0.004449,0.0044835,33828.7,1615690799999.0,151.41069951,6848.0,16190.66,72.43735599,0.0
2021-03-13 22:09:26.824644549,314,1615690800000.0,0.0044839,0.0044855,0.0044491,0.0044762,22341.84,1615694399999.0,99.85735778,6519.0,11452.4,51.18558393,0.0
2021-03-13 23:09:40.094786729,315,1615694400000.0,0.0044762,0.0044762,0.0044516,0.004462,15046.84,1615697999999.0,67.15683216,5953.0,7547.76,33.68549919,0.0
2021-03-14 00:09:53.364928910,316,1615698000000.0,0.004462,0.004462,0.0044312,0.0044525,11460.24,1615701599999.0,50.94473538,5121.0,6173.3,27.43718447,0.0
2021-03-14 01:10:06.635071090,317,1615701600000.0,0.0044522,0.0044522,0.0044174,0.004445,14993.58,1615705199999.0,66.49226391,6452.0,7022.47,31.14417341,0.0
2021-03-14 02:10:19.905213270,318,1615705200000.0,0.0044449,0.0044704,0.0044371,0.0044412,13300.2,1615708799999.0,59.23586915,5770.0,6187.6,27.56005247,0.0
2021-03-14 03:10:33.175355450,319,1615708800000.0,0.0044411,0.0044849,0.0044397,0.0044801,28236.92,1615712399999.0,125.93946969,8526.0,12939.92,57.72407754,0.0
2021-03-14 04:10:46.445497630,320,1615712400000.0,0.0044798,0.0045278,0.004472,0.0045144,21917.89,1615715999999.0,98.69421091,8900.0,11462.76,51.63496725,0.0
2021-03-14 05:10:59.715639810,321,1615716000000.0,0.0045144,0.0045153,0.0044651,0.0044726,21386.75,1615719599999.0,95.97208266,8510.0,9346.54,41.96464293,0.0
2021-03-14 06:11:12.985781990,322,1615719600000.0,0.0044708,0.0044979,0.0044605,0.0044856,27223.62,1615723199999.0,121.97640435,10374.0,13599.8,60.94239003,0.0
2021-03-14 07:11:26.255924170,323,1615723200000.0,0.0044849,0.0044983,0.0044761,0.0044836,12622.19,1615726799999.0,56.63940888,6709.0,6375.5,28.60715856,0.0
2021-03-14 08:11:39.526066350,324,1615726800000.0,0.004484,0.0044843,0.0044524,0.0044709,31458.81,1615730399999.0,140.5104937,11070.0,20428.39,91.23835514,0.0
2021-03-14 09:11:52.796208530,325,1615730400000.0,0.0044706,0.0044827,0.0044551,0.0044655,18979.21,1615733999999.0,84.78524809,7258.0,13591.4,60.71366114,0.0
2021-03-14 10:12:06.066350711,326,1615734000000.0,0.0044648,0.0044681,0.004438,0.0044663,24662.09,1615737599999.0,109.84110773,9127.0,17366.4,77.34671915,0.0
2021-03-14 11:12:19.336492891,327,1615737600000.0,0.0044672,0.0044699,0.0044356,0.0044507,13537.11,1615741199999.0,60.27836548,6925.0,6700.63,29.83884177,0.0
2021-03-14 12:12:32.606635071,328,1615741200000.0,0.0044506,0.0044798,0.0044482,0.0044664,11346.39,1615744799999.0,50.65654087,5776.0,5957.23,26.59406403,0.0
2021-03-14 13:12:45.876777251,329,1615744800000.0,0.0044666,0.0044798,0.0044606,0.0044755,9211.97,1615748399999.0,41.16637825,5490.0,5145.42,22.99570478,0.0
2021-03-14 14:12:59.146919431,330,1615748400000.0,0.0044756,0.0044829,0.004458,0.0044825,11428.86,1615751999999.0,51.07411796,6263.0,5639.26,25.20547987,0.0
2021-03-14 15:13:12.417061611,331,1615752000000.0,0.0044828,0.0044865,0.0044461,0.0044571,13200.57,1615755599999.0,58.93215214,6179.0,5176.61,23.11750604,0.0
2021-03-14 16:13:25.687203791,332,1615755600000.0,0.0044566,0.0044596,0.0044322,0.0044387,15685.31,1615759199999.0,69.65687281,7225.0,7179.41,31.88164219,0.0
2021-03-14 17:13:38.957345971,333,1615759200000.0,0.004439,0.0044708,0.004434,0.0044609,11552.97,1615762799999.0,51.38952353,5864.0,6647.7,29.57415933,0.0
2021-03-14 18:13:52.227488151,334,1615762800000.0,0.0044606,0.0044795,0.00442,0.0044645,22615.78,1615766399999.0,100.70904791,7858.0,12370.27,55.1095779,0.0
2021-03-14 19:14:05.497630331,335,1615766400000.0,0.0044645,0.0044741,0.0044347,0.0044554,16275.21,1615769999999.0,72.42350254,7814.0,7659.23,34.08472944,0.0
2021-03-14 20:14:18.767772511,336,1615770000000.0,0.0044549,0.0044618,0.0044,0.0044229,15746.62,1615773599999.0,69.63816693,7161.0,7012.28,31.02956008,0.0
2021-03-14 21:14:32.037914692,337,1615773600000.0,0.0044233,0.0044377,0.0043866,0.0044215,27717.05,1615777199999.0,122.25386647,8076.0,9693.5,42.76354416,0.0
2021-03-14 22:14:45.308056872,338,1615777200000.0,0.0044215,0.0044265,0.0043994,0.004413,13598.59,1615780799999.0,60.02460073,4880.0,6687.38,29.52248972,0.0
2021-03-14 23:14:58.578199052,339,1615780800000.0,0.004413,0.0044231,0.0043944,0.0044205,16975.32,1615784399999.0,74.90772081,6331.0,9766.43,43.09789815,0.0
2021-03-15 00:15:11.848341232,340,1615784400000.0,0.0044204,0.0044277,0.0044041,0.00441,14835.95,1615787999999.0,65.51994833,6942.0,6854.82,30.27684899,0.0
2021-03-15 01:15:25.118483412,341,1615788000000.0,0.0044087,0.0044223,0.0043763,0.0044024,31200.95,1615791599999.0,137.40686836,11178.0,15385.07,67.74364783,0.0
2021-03-15 02:15:38.388625592,342,1615791600000.0,0.0044024,0.0044339,0.004328,0.0044176,67369.78,1615795199999.0,296.04773123,19453.0,35084.18,154.21954429,0.0
2021-03-15 03:15:51.658767772,343,1615795200000.0,0.0044176,0.0044546,0.0044088,0.0044157,41123.7,1615798799999.0,182.18145733,13048.0,19019.26,84.26377597,0.0
2021-03-15 04:16:04.928909952,344,1615798800000.0,0.0044155,0.0045645,0.0044101,0.0045389,63289.86,1615802399999.0,284.78710335,23110.0,36241.33,163.15092533,0.0
2021-03-15 05:16:18.199052132,345,1615802400000.0,0.0045389,0.0045776,0.0045336,0.0045769,31573.49,1615805999999.0,143.975193,12963.0,17496.7,79.78477685,0.0
2021-03-15 06:16:31.469194312,346,1615806000000.0,0.0045768,0.0045795,0.0045196,0.0045396,31105.98,1615809599999.0,141.76605044,11411.0,13101.5,59.71591801,0.0
2021-03-15 07:16:44.739336492,347,1615809600000.0,0.0045399,0.0045681,0.0045313,0.0045416,26705.88,1615813199999.0,121.46410234,10541.0,13586.97,61.80457102,0.0
2021-03-15 08:16:58.009478673,348,1615813200000.0,0.0045392,0.0045662,0.0045203,0.0045639,26414.76,1615816799999.0,119.86544299,11373.0,12568.79,57.04592541,0.0
2021-03-15 09:17:11.279620853,349,1615816800000.0,0.0045644,0.0045875,0.004546,0.0045602,26210.79,1615820399999.0,119.69679438,10371.0,12833.63,58.61314721,0.0
2021-03-15 10:17:24.549763033,350,1615820400000.0,0.0045602,0.004573,0.0045221,0.0045331,39192.9,1615823999999.0,177.93092377,10536.0,21099.37,95.80811717,0.0
2021-03-15 11:17:37.819905213,351,1615824000000.0,0.0045321,0.0045512,0.0045285,0.0045342,19016.54,1615827599999.0,86.32237326,7452.0,9615.03,43.65049814,0.0
2021-03-15 12:17:51.090047393,352,1615827600000.0,0.0045348,0.0045608,0.0045231,0.0045464,19045.1,1615831199999.0,86.44619093,8869.0,10319.95,46.84931232,0.0
2021-03-15 13:18:04.360189573,353,1615831200000.0,0.0045457,0.004588,0.0045412,0.0045824,17107.12,1615834799999.0,78.14895657,7765.0,9316.38,42.56520478,0.0
2021-03-15 14:18:17.630331753,354,1615834800000.0,0.0045797,0.0045936,0.0045516,0.0045516,14270.46,1615838399999.0,65.31247847,7290.0,6405.31,29.3137314,0.0
2021-03-15 15:18:30.900473933,355,1615838400000.0,0.0045548,0.0045615,0.0045366,0.0045513,13987.19,1615841999999.0,63.61844439,7019.0,7805.99,35.50925926,0.0
2021-03-15 16:18:44.170616113,356,1615842000000.0,0.004551,0.0045538,0.004509,0.0045329,15254.31,1615845599999.0,69.09451777,7961.0,9807.74,44.42769025,0.0
2021-03-15 17:18:57.440758293,357,1615845600000.0,0.004532,0.0045421,0.0045105,0.0045404,14296.67,1615849199999.0,64.74311977,7773.0,6784.12,30.73067677,0.0
2021-03-15 18:19:10.710900474,358,1615849200000.0,0.0045392,0.0045749,0.0045288,0.0045716,12796.95,1615852799999.0,58.22995577,6118.0,8002.72,36.42980302,0.0
2021-03-15 19:19:23.981042654,359,1615852800000.0,0.004572,0.0045956,0.0045576,0.0045668,28820.77,1615856399999.0,131.96077779,10291.0,15055.75,68.9444199,0.0
2021-03-15 20:19:37.251184834,360,1615856400000.0,0.0045679,0.0045679,0.0045,0.0045179,29638.55,1615859999999.0,134.18369688,11758.0,12488.67,56.55474716,0.0
2021-03-15 21:19:50.521327014,361,1615860000000.0,0.0045179,0.0045476,0.0045105,0.0045426,15267.52,1615863599999.0,69.16967306,5886.0,7969.23,36.10500608,0.0
2021-03-15 22:20:03.791469194,362,1615863600000.0,0.0045426,0.004566,0.0045403,0.0045439,17342.89,1615867199999.0,78.92878958,6129.0,8520.66,38.7835608,0.0
2021-03-15 23:20:17.061611374,363,1615867200000.0,0.0045435,0.0045626,0.0045293,0.0045571,20659.3,1615870799999.0,93.91899665,6033.0,8840.5,40.19129693,0.0
2021-03-16 00:20:30.331753554,364,1615870800000.0,0.0045571,0.0045676,0.0045317,0.0045447,19747.93,1615874399999.0,89.84970703,7216.0,8741.83,39.77533763,0.0
2021-03-16 01:20:43.601895734,365,1615874400000.0,0.0045446,0.0045543,0.0045095,0.004536,27754.58,1615877999999.0,125.69384158,10360.0,12603.69,57.08671201,0.0
2021-03-16 02:20:56.872037914,366,1615878000000.0,0.0045357,0.0045818,0.0045269,0.0045818,31839.98,1615881599999.0,144.80769551,10503.0,15644.29,71.14291066,0.0
2021-03-16 03:21:10.142180094,367,1615881600000.0,0.0045804,0.0046247,0.0045378,0.004622,41547.22,1615885199999.0,190.25386549,13342.0,20836.6,95.43324927,0.0
2021-03-16 04:21:23.412322274,368,1615885200000.0,0.004622,0.0046336,0.0045763,0.0045815,28496.83,1615888799999.0,131.10984429,12875.0,13776.1,63.36656169,0.0
2021-03-16 05:21:36.682464455,369,1615888800000.0,0.0045815,0.0045932,0.0045578,0.0045699,16708.36,1615892399999.0,76.40731508,8494.0,7968.74,36.45225684,0.0
2021-03-16 06:21:49.952606635,370,1615892400000.0,0.0045692,0.0045925,0.0045671,0.004584,12302.94,1615895999999.0,56.35846947,6613.0,6804.44,31.16662651,0.0
2021-03-16 07:22:03.222748815,371,1615896000000.0,0.0045839,0.00462,0.0045792,0.0046089,14575.61,1615899599999.0,67.10765014,7276.0,7845.21,36.12434666,0.0
2021-03-16 08:22:16.492890995,372,1615899600000.0,0.0046088,0.0046291,0.004589,0.0046288,25187.01,1615903199999.0,116.11943099,8537.0,9907.5,45.69095937,0.0
2021-03-16 09:22:29.763033175,373,1615903200000.0,0.0046287,0.0046291,0.0046056,0.00461,17252.33,1615906799999.0,79.66479413,7756.0,6807.92,31.43679403,0.0
2021-03-16 10:22:43.033175355,374,1615906800000.0,0.0046103,0.004628,0.0046043,0.0046215,19165.55,1615910399999.0,88.51654875,7521.0,8507.58,39.30056359,0.0
2021-03-16 11:22:56.303317535,375,1615910400000.0,0.0046209,0.004624,0.0045924,0.0046048,23635.63,1615913999999.0,108.8104912,8409.0,15579.2,71.71750249,0.0
2021-03-16 12:23:09.573459715,376,1615914000000.0,0.0046047,0.0046091,0.0045456,0.004562,43203.38,1615917599999.0,197.43743583,13942.0,21245.55,97.15803341,0.0
2021-03-16 13:23:22.843601895,377,1615917600000.0,0.004562,0.0045778,0.0045511,0.004567,16024.52,1615921199999.0,73.17928544,7742.0,8219.21,37.53797691,0.0
2021-03-16 14:23:36.113744075,378,1615921200000.0,0.0045675,0.0045779,0.004539,0.0045564,14768.16,1615924799999.0,67.31985958,7145.0,7190.39,32.77978689,0.0
2021-03-16 15:23:49.383886256,379,1615924800000.0,0.0045564,0.004562,0.00453,0.0045383,19116.14,1615928399999.0,86.90936469,8421.0,9965.23,45.32219143,0.0
2021-03-16 16:24:02.654028436,380,1615928400000.0,0.0045377,0.0045547,0.00453,0.0045412,18011.45,1615931999999.0,81.8479151,7897.0,10276.91,46.71616352,0.0
2021-03-16 17:24:15.924170616,381,1615932000000.0,0.0045411,0.0045632,0.0045262,0.004563,13931.03,1615935599999.0,63.29284046,6966.0,7406.31,33.65727056,0.0
2021-03-16 18:24:29.194312796,382,1615935600000.0,0.0045632,0.0045811,0.0045393,0.0045439,11475.01,1615939199999.0,52.38313241,6124.0,5816.21,26.56056825,0.0
2021-03-16 19:24:42.464454976,383,1615939200000.0,0.0045438,0.0045603,0.0045299,0.0045455,17505.52,1615942799999.0,79.5611008,7652.0,9460.58,42.99417042,0.0
2021-03-16 20:24:55.734597156,384,1615942800000.0,0.0045454,0.0045758,0.0045382,0.0045694,10732.51,1615946399999.0,48.90842158,4891.0,5644.87,25.72727745,0.0
2021-03-16 21:25:09.004739336,385,1615946400000.0,0.0045691,0.0045814,0.004563,0.0045676,11249.72,1615949999999.0,51.41111677,4803.0,5713.07,26.11105426,0.0
2021-03-16 22:25:22.274881516,386,1615950000000.0,0.0045683,0.0045709,0.004551,0.0045602,11108.24,1615953599999.0,50.68562585,4059.0,5346.07,24.39692852,0.0
2021-03-16 23:25:35.545023696,387,1615953600000.0,0.0045599,0.0046,0.0045536,0.0045919,14452.85,1615957199999.0,66.11363353,5102.0,8758.51,40.09018068,0.0
2021-03-17 00:25:48.815165876,388,1615957200000.0,0.0045916,0.0045955,0.0045401,0.0045416,19278.77,1615960799999.0,88.02325199,6631.0,7061.06,32.23221537,0.0
2021-03-17 01:26:02.085308056,389,1615960800000.0,0.0045415,0.0045475,0.0045162,0.004527,16210.46,1615964399999.0,73.46236471,6424.0,7410.45,33.58728591,0.0
2021-03-17 02:26:15.355450237,390,1615964400000.0,0.0045266,0.0045681,0.0045266,0.004562,10412.82,1615967999999.0,47.42171519,5241.0,6117.06,27.86242536,0.0
2021-03-17 03:26:28.625592417,391,1615968000000.0,0.0045605,0.0045658,0.0045415,0.004547,13054.17,1615971599999.0,59.45316298,5520.0,5646.07,25.72691552,0.0
2021-03-17 04:26:41.895734597,392,1615971600000.0,0.004547,0.0045889,0.00454,0.0045883,20775.21,1615975199999.0,94.74855035,9111.0,12589.36,57.43213913,0.0
2021-03-17 05:26:55.165876777,393,1615975200000.0,0.0045885,0.0045974,0.004581,0.0045909,11105.24,1615978799999.0,50.95653353,5536.0,5968.11,27.39016346,0.0
2021-03-17 06:27:08.436018957,394,1615978800000.0,0.0045909,0.0045922,0.0045697,0.0045824,13023.8,1615982399999.0,59.68310823,5594.0,6428.56,29.46488873,0.0
2021-03-17 07:27:21.706161137,395,1615982400000.0,0.0045827,0.0045952,0.0045534,0.0045643,18629.49,1615985999999.0,85.20514018,7325.0,9404.59,43.01619927,0.0
2021-03-17 08:27:34.976303317,396,1615986000000.0,0.0045643,0.0045856,0.0045468,0.004574,33637.8,1615989599999.0,153.61057661,10301.0,21486.38,98.13636379,0.0
2021-03-17 09:27:48.246445497,397,1615989600000.0,0.004574,0.0046079,0.0045657,0.0045947,30043.02,1615993199999.0,137.76438423,8856.0,16862.36,77.34370758,0.0
2021-03-17 10:28:01.516587677,398,1615993200000.0,0.0045965,0.0046061,0.0045666,0.0045873,19709.3,1615996799999.0,90.3865094,7342.0,9636.56,44.22218187,0.0
2021-03-17 11:28:14.786729857,399,1615996800000.0,0.0045861,0.0045935,0.0045706,0.0045891,15774.07,1616000399999.0,72.28185246,5879.0,7787.09,35.68413077,0.0
2021-03-17 12:28:28.056872038,400,1616000400000.0,0.0045899,0.00462,0.0045873,0.004614,18542.65,1616003999999.0,85.41244855,6706.0,10668.33,49.15044552,0.0
2021-03-17 13:28:41.327014218,401,1616004000000.0,0.0046138,0.0046185,0.004535,0.004536,39936.88,1616007599999.0,182.60679865,12687.0,20206.82,92.32558439,0.0
2021-03-17 14:28:54.597156398,402,1616007600000.0,0.0045356,0.0045864,0.0045215,0.0045541,30531.34,1616011199999.0,139.26108553,11855.0,16515.11,75.28129203,0.0
2021-03-17 15:29:07.867298578,403,1616011200000.0,0.0045551,0.0045603,0.0045003,0.0045051,23035.91,1616014799999.0,104.41468257,9103.0,10410.01,47.22728189,0.0
2021-03-17 16:29:21.137440758,404,1616014800000.0,0.0045034,0.0045395,0.0045006,0.0045281,14962.48,1616018399999.0,67.63471026,8602.0,8275.78,37.41658403,0.0
2021-03-17 17:29:34.407582938,405,1616018400000.0,0.0045279,0.0045511,0.0045,0.0045423,17039.26,1616021999999.0,77.07048504,8016.0,8675.32,39.24553048,0.0
2021-03-17 18:29:47.677725118,406,1616022000000.0,0.0045432,0.0046377,0.0045418,0.0045815,29260.02,1616025599999.0,134.41471529,11986.0,16827.87,77.30229096,0.0
2021-03-17 19:30:00.947867298,407,1616025600000.0,0.004581,0.0046025,0.0045619,0.0045835,32665.1,1616029199999.0,149.60285242,10461.0,22092.11,101.14563116,0.0
2021-03-17 20:30:14.218009478,408,1616029200000.0,0.0045836,0.0046489,0.004579,0.0046251,34933.5,1616032799999.0,160.98805763,10021.0,23195.57,106.7514206,0.0
2021-03-17 21:30:27.488151658,409,1616032800000.0,0.004625,0.00467,0.0046084,0.0046182,29318.05,1616036399999.0,136.22762958,11159.0,14147.55,65.74362982,0.0
2021-03-17 22:30:40.758293838,410,1616036400000.0,0.0046181,0.0046462,0.0046064,0.0046328,14675.59,1616039999999.0,67.970413,6201.0,7314.38,33.87779833,0.0
2021-03-17 23:30:54.028436019,411,1616040000000.0,0.0046329,0.00467,0.0046202,0.0046596,23084.67,1616043599999.0,107.20467247,7147.0,12047.08,55.97476609,0.0
2021-03-18 00:31:07.298578199,412,1616043600000.0,0.0046586,0.0046809,0.0046336,0.0046808,36496.92,1616047199999.0,169.90976225,9858.0,17839.09,83.07919604,0.0
2021-03-18 01:31:20.568720379,413,1616047200000.0,0.0046808,0.0046987,0.0046654,0.0046673,34832.26,1616050799999.0,163.07931509,9554.0,12287.19,57.53405279,0.0
2021-03-18 02:31:33.838862559,414,1616050800000.0,0.0046667,0.0047093,0.0046666,0.0047072,33953.17,1616054399999.0,159.22987456,10402.0,15616.2,73.24530182,0.0
2021-03-18 03:31:47.109004739,415,1616054400000.0,0.0047067,0.0047474,0.0046833,0.0046833,46853.75,1616057999999.0,221.00000426,13535.0,20997.13,98.9990646,0.0
2021-03-18 04:32:00.379146919,416,1616058000000.0,0.0046836,0.0047146,0.0046776,0.004704,25055.75,1616061599999.0,117.74511564,8276.0,12750.28,59.9281644,0.0
2021-03-18 05:32:13.649289099,417,1616061600000.0,0.0047054,0.0047141,0.0045334,0.0046559,45916.57,1616065199999.0,213.96780101,18880.0,14355.57,67.0840801,0.0
2021-03-18 06:32:26.919431279,418,1616065200000.0,0.0046558,0.0046637,0.0045806,0.0045835,40982.29,1616068799999.0,189.06745185,15997.0,21062.63,97.21184734,0.0
2021-03-18 07:32:40.189573459,419,1616068800000.0,0.0045836,0.004616,0.0045002,0.0045888,47923.78,1616072399999.0,219.67860425,17846.0,19248.73,88.39797213,0.0
2021-03-18 08:32:53.459715639,420,1616072400000.0,0.0045886,0.0046023,0.0045758,0.0045846,21955.29,1616075999999.0,100.77709696,8941.0,14366.62,65.94518159,0.0
2021-03-18 09:33:06.729857820,421,1616076000000.0,0.004585,0.0045889,0.0045573,0.0045684,25733.08,1616079599999.0,117.71744983,10365.0,14355.88,65.68003344,0.0
2021-03-18 10:33:20.000000000,422,1616079600000.0,0.004568,0.0045793,0.0045217,0.0045281,31162.1,1616083199999.0,141.86105076,13375.0,17102.56,77.85330581,0.0
2021-03-18 11:33:33.270142180,423,1616083200000.0,0.004528,0.0045309,0.0044887,0.0045207,37211.03,1616086799999.0,167.88401988,14341.0,16912.43,76.32890734,0.0
2021-03-18 12:33:46.540284360,424,1616086800000.0,0.0045211,0.0045212,0.0044433,0.0044653,26484.89,1616090399999.0,118.69017109,11876.0,13279.39,59.50926435,0.0
2021-03-18 13:33:59.810426540,425,1616090400000.0,0.004465,0.0045149,0.0044633,0.0045116,19524.4,1616093999999.0,87.77438468,10601.0,10925.57,49.12302044,0.0
2021-03-18 14:34:13.080568720,426,1616094000000.0,0.0045116,0.0045198,0.0044855,0.0045142,20543.63,1616097599999.0,92.47552423,10332.0,10807.9,48.65224437,0.0
2021-03-18 15:34:26.350710900,427,1616097600000.0,0.0045139,0.0045437,0.0045062,0.0045409,15084.51,1616101199999.0,68.29884218,8302.0,8592.59,38.90602659,0.0
2021-03-18 16:34:39.620853080,428,1616101200000.0,0.0045409,0.0045683,0.0045263,0.0045454,11590.45,1616104799999.0,52.68139806,8382.0,7159.64,32.55398018,0.0
2021-03-18 17:34:52.890995260,429,1616104800000.0,0.0045454,0.0045719,0.0045365,0.0045688,14463.66,1616108399999.0,65.89359512,8194.0,6722.42,30.62907686,0.0
2021-03-18 18:35:06.161137440,430,1616108400000.0,0.0045688,0.0045734,0.0045217,0.0045345,13464.38,1616111999999.0,61.22555419,6458.0,5125.06,23.30332625,0.0
2021-03-18 19:35:19.431279620,431,1616112000000.0,0.0045336,0.0045698,0.0045052,0.0045696,19730.72,1616115599999.0,89.47283935,10982.0,10436.74,47.33237022,0.0
2021-03-18 20:35:32.701421801,432,1616115600000.0,0.0045695,0.004573,0.0045367,0.0045725,11443.82,1616119199999.0,52.12292938,7066.0,6504.38,29.62926077,0.0
2021-03-18 21:35:45.971563981,433,1616119200000.0,0.0045726,0.0045979,0.00456,0.0045954,17422.02,1616122799999.0,79.72884294,9217.0,7645.48,34.99499101,0.0
2021-03-18 22:35:59.241706161,434,1616122800000.0,0.0045947,0.004602,0.0045584,0.0045598,18300.09,1616126399999.0,83.73419761,5815.0,6073.28,27.8368971,0.0
2021-03-18 23:36:12.511848341,435,1616126400000.0,0.0045612,0.004608,0.004561,0.0045824,22086.01,1616129999999.0,101.19713718,8581.0,12559.09,57.54194051,0.0
2021-03-19 00:36:25.781990521,436,1616130000000.0,0.0045826,0.00461,0.004554,0.0045565,17754.28,1616133599999.0,81.44744769,8958.0,8054.17,36.95373057,0.0
2021-03-19 01:36:39.052132701,437,1616133600000.0,0.0045579,0.0045721,0.004551,0.0045528,12988.53,1616137199999.0,59.25664413,6854.0,6018.91,27.45918119,0.0
2021-03-19 02:36:52.322274881,438,1616137200000.0,0.0045528,0.0045561,0.0045135,0.0045265,16223.83,1616140799999.0,73.46999166,8562.0,7137.5,32.33198306,0.0
2021-03-19 03:37:05.592417061,439,1616140800000.0,0.0045265,0.0045394,0.0044954,0.0045394,18332.13,1616144399999.0,82.94791632,9901.0,9403.68,42.54467325,0.0
2021-03-19 04:37:18.862559241,440,1616144400000.0,0.0045394,0.0045518,0.0045307,0.0045461,14399.21,1616147999999.0,65.39897,8911.0,8051.17,36.57116547,0.0
2021-03-19 05:37:32.132701421,441,1616148000000.0,0.0045462,0.0045654,0.0045447,0.0045653,14691.25,1616151599999.0,66.93392148,9177.0,8136.02,37.07233005,0.0
2021-03-19 06:37:45.402843601,442,1616151600000.0,0.0045654,0.0045883,0.004534,0.004538,16456.73,1616155199999.0,75.11061785,10491.0,8617.4,39.33743618,0.0
2021-03-19 07:37:58.672985782,443,1616155200000.0,0.0045383,0.0045416,0.0045077,0.004508,14293.01,1616158799999.0,64.65348306,9676.0,6930.95,31.35039164,0.0
2021-03-19 08:38:11.943127962,444,1616158800000.0,0.0045085,0.0045491,0.004506,0.0045355,15162.28,1616162399999.0,68.68840734,9075.0,7922.6,35.89632291,0.0
2021-03-19 09:38:25.213270142,445,1616162400000.0,0.0045354,0.0045485,0.0045173,0.0045485,12461.56,1616165999999.0,56.50990411,7680.0,5200.9,23.58744129,0.0
2021-03-19 10:38:38.483412322,446,1616166000000.0,0.0045484,0.0045497,0.004517,0.0045228,10109.56,1616169599999.0,45.80337126,6928.0,4682.21,21.21698111,0.0
2021-03-19 11:38:51.753554502,447,1616169600000.0,0.004522,0.0045334,0.0045105,0.0045145,16952.69,1616173199999.0,76.67836463,8281.0,8393.06,37.94893995,0.0
2021-03-19 12:39:05.023696682,448,1616173200000.0,0.0045152,0.0045237,0.0045059,0.0045082,8512.65,1616176799999.0,38.43933844,6523.0,3922.18,17.71341463,0.0
2021-03-19 13:39:18.293838862,449,1616176800000.0,0.0045082,0.0045352,0.0045078,0.0045306,9367.19,1616180399999.0,42.40217658,6279.0,4593.23,20.78886826,0.0
2021-03-19 14:39:31.563981042,450,1616180400000.0,0.0045316,0.004538,0.0045077,0.0045166,9572.78,1616183999999.0,43.28840318,6836.0,4414.46,19.96191849,0.0
2021-03-19 15:39:44.834123222,451,1616184000000.0,0.0045171,0.0045324,0.0044935,0.0045179,15929.04,1616187599999.0,71.93084379,8845.0,7244.5,32.70935786,0.0
2021-03-19 16:39:58.104265402,452,1616187600000.0,0.0045179,0.0045255,0.0045107,0.004514,6867.57,1616191199999.0,31.02714584,4869.0,3882.88,17.54412015,0.0
2021-03-19 17:40:11.374407583,453,1616191200000.0,0.0045146,0.0045321,0.0045086,0.0045208,11268.45,1616194799999.0,50.92325636,5895.0,5547.0,25.07381974,0.0
2021-03-19 18:40:24.644549763,454,1616194800000.0,0.0045206,0.004533,0.0045013,0.0045328,13611.0,1616198399999.0,61.47214194,7496.0,7319.44,33.06713958,0.0
2021-03-19 19:40:37.914691943,455,1616198400000.0,0.0045312,0.0045577,0.0045149,0.0045301,16064.51,1616201999999.0,72.84688724,9556.0,7993.29,36.25632633,0.0
2021-03-19 20:40:51.184834123,456,1616202000000.0,0.00453,0.0045474,0.0045185,0.0045254,16009.7,1616205599999.0,72.51018985,7519.0,7570.76,34.29062216,0.0
2021-03-19 21:41:04.454976303,457,1616205600000.0,0.0045255,0.0045495,0.0045105,0.0045282,14018.89,1616209199999.0,63.50499071,7188.0,7088.08,32.10707345,0.0
2021-03-19 22:41:17.725118483,458,1616209200000.0,0.0045283,0.0045579,0.0045245,0.0045377,15831.31,1616212799999.0,71.8116244,7541.0,8836.05,40.08313014,0.0
2021-03-19 23:41:30.995260663,459,1616212800000.0,0.0045377,0.004539,0.0045125,0.0045295,16038.43,1616216399999.0,72.54895438,6616.0,7844.11,35.48935441,0.0
2021-03-20 00:41:44.265402843,460,1616216400000.0,0.0045291,0.0045499,0.0045239,0.0045421,12262.7,1616219999999.0,55.61847131,4853.0,6645.86,30.13958169,0.0
2021-03-20 01:41:57.535545023,461,1616220000000.0,0.0045421,0.0045469,0.0045295,0.0045446,16004.19,1616223599999.0,72.61350666,5842.0,7203.75,32.69263159,0.0
2021-03-20 02:42:10.805687203,462,1616223600000.0,0.0045446,0.0046301,0.0045439,0.0046241,72486.22,1616227199999.0,332.98383921,16476.0,23738.06,108.87780386,0.0
2021-03-20 03:42:24.075829383,463,1616227200000.0,0.0046234,0.004638,0.0045616,0.004577,29260.61,1616230799999.0,134.45899263,12451.0,12098.69,55.602656,0.0
2021-03-20 04:42:37.345971564,464,1616230800000.0,0.0045765,0.0045921,0.0045423,0.0045891,48065.79,1616234399999.0,219.41651249,14339.0,22758.79,103.75925822,0.0
2021-03-20 05:42:50.616113744,465,1616234400000.0,0.0045893,0.0045975,0.0045711,0.0045859,15715.22,1616237999999.0,72.04880776,8664.0,7197.82,33.00382387,0.0
2021-03-20 06:43:03.886255924,466,1616238000000.0,0.0045861,0.0045953,0.0045434,0.0045434,14571.17,1616241599999.0,66.56833856,8190.0,5523.54,25.24855594,0.0
2021-03-20 07:43:17.156398104,467,1616241600000.0,0.0045435,0.0045592,0.0045416,0.0045504,12785.02,1616245199999.0,58.17389294,7060.0,5454.72,24.82380456,0.0
2021-03-20 08:43:30.426540284,468,1616245200000.0,0.0045506,0.0045792,0.0045159,0.004553,22781.82,1616248799999.0,103.41740453,12836.0,11049.72,50.1620226,0.0
2021-03-20 09:43:43.696682464,469,1616248800000.0,0.004553,0.0045628,0.0045435,0.0045475,13657.37,1616252399999.0,62.19395623,7858.0,7797.15,35.5126889,0.0
2021-03-20 10:43:56.966824644,470,1616252400000.0,0.0045474,0.0046286,0.0045267,0.0045816,74636.95,1616255999999.0,342.14468562,19749.0,33967.39,155.24026329,0.0
2021-03-20 11:44:10.236966824,471,1616256000000.0,0.0045811,0.0045943,0.0045624,0.0045687,20936.0,1616259599999.0,95.9074489,9939.0,9576.16,43.87154636,0.0
2021-03-20 12:44:23.507109004,472,1616259600000.0,0.0045685,0.0045798,0.0045556,0.0045625,14051.95,1616263199999.0,64.19949746,7869.0,7072.82,32.31966061,0.0
2021-03-20 13:44:36.777251184,473,1616263200000.0,0.0045643,0.0045684,0.004556,0.0045628,8619.42,1616266799999.0,39.3267025,5707.0,4473.1,20.41075621,0.0
2021-03-20 14:44:50.047393365,474,1616266800000.0,0.0045628,0.0045794,0.0045602,0.0045699,9222.75,1616270399999.0,42.1361404,6028.0,4352.41,19.88569633,0.0
2021-03-20 15:45:03.317535545,475,1616270400000.0,0.0045699,0.0045785,0.0045492,0.0045576,16267.67,1616273999999.0,74.24664128,8569.0,7261.58,33.14748215,0.0
2021-03-20 16:45:16.587677725,476,1616274000000.0,0.0045558,0.0045651,0.0045401,0.0045548,8703.92,1616277599999.0,39.63286927,6636.0,4774.66,21.74487102,0.0
2021-03-20 17:45:29.857819905,477,1616277600000.0,0.0045548,0.0045589,0.0045198,0.0045474,32828.13,1616281199999.0,148.92198856,9236.0,22956.33,104.12246214,0.0
2021-03-20 18:45:43.127962085,478,1616281200000.0,0.0045474,0.0045529,0.0045275,0.0045489,12276.04,1616284799999.0,55.72125047,7219.0,6833.93,31.02031855,0.0
2021-03-20 19:45:56.398104265,479,1616284800000.0,0.0045482,0.0045776,0.0045158,0.0045567,21605.83,1616288399999.0,98.17535765,10891.0,11951.56,54.30356405,0.0
2021-03-20 20:46:09.668246445,480,1616288400000.0,0.0045566,0.00459,0.0045497,0.0045764,13119.6,1616291999999.0,60.0396585,7304.0,6538.74,29.92208172,0.0
2021-03-20 21:46:22.938388625,481,1616292000000.0,0.0045766,0.0045794,0.00455,0.0045657,10388.82,1616295599999.0,47.38919925,5915.0,5334.01,24.3291996,0.0
2021-03-20 22:46:36.208530805,482,1616295600000.0,0.0045661,0.00462,0.0045595,0.00462,25316.66,1616299199999.0,116.21212546,12148.0,14298.11,65.66203824,0.0
2021-03-20 23:46:49.478672985,483,1616299200000.0,0.00462,0.004626,0.0045988,0.0046211,25134.24,1616302799999.0,115.93952545,10108.0,12757.93,58.86538146,0.0
2021-03-21 00:47:02.748815165,484,1616302800000.0,0.0046211,0.00463,0.004595,0.0045982,16333.2,1616306399999.0,75.37865821,7925.0,8163.09,37.68384561,0.0
2021-03-21 01:47:16.018957346,485,1616306400000.0,0.0045985,0.0046186,0.0045929,0.0046035,15444.59,1616309999999.0,71.11082204,6289.0,7641.99,35.19257539,0.0
2021-03-21 02:47:29.289099526,486,1616310000000.0,0.0046034,0.0046266,0.0046021,0.0046232,13609.5,1616313599999.0,62.77894,4816.0,7233.77,33.37330616,0.0
2021-03-21 03:47:42.559241706,487,1616313600000.0,0.0046249,0.0046354,0.0046112,0.0046284,18685.01,1616317199999.0,86.4188345,6145.0,8582.79,39.70248883,0.0
2021-03-21 04:47:55.829383886,488,1616317200000.0,0.0046284,0.0047015,0.0046189,0.0046625,31964.65,1616320799999.0,148.74363729,11919.0,20601.13,95.91740964,0.0
2021-03-21 05:48:09.099526066,489,1616320800000.0,0.0046623,0.0046733,0.0046428,0.0046515,15905.14,1616324399999.0,74.01814724,7603.0,8457.3,39.36649318,0.0
2021-03-21 06:48:22.369668246,490,1616324400000.0,0.004651,0.004657,0.004606,0.0046224,25810.02,1616327999999.0,119.45185961,10628.0,12039.98,55.73186825,0.0
2021-03-21 07:48:35.639810426,491,1616328000000.0,0.0046235,0.0046343,0.0045901,0.0046335,16491.46,1616331599999.0,76.03401949,8792.0,8330.61,38.40638805,0.0
2021-03-21 08:48:48.909952606,492,1616331600000.0,0.0046326,0.0046401,0.0046043,0.0046174,16070.95,1616335199999.0,74.26727793,8476.0,6491.34,30.01364361,0.0
2021-03-21 09:49:02.180094786,493,1616335200000.0,0.0046173,0.0046173,0.0046007,0.0046061,9448.65,1616338799999.0,43.54349518,5978.0,3665.24,16.88913749,0.0
2021-03-21 10:49:15.450236966,494,1616338800000.0,0.0046058,0.0046158,0.0045905,0.0046008,11861.56,1616342399999.0,54.57894991,7277.0,5925.97,27.27449892,0.0
2021-03-21 11:49:28.720379147,495,1616342400000.0,0.0046009,0.0046234,0.0045913,0.0045926,15156.03,1616345999999.0,69.79392449,9984.0,7155.35,32.96188633,0.0
2021-03-21 12:49:41.990521327,496,1616346000000.0,0.0045926,0.0046108,0.0045924,0.0046024,12859.79,1616349599999.0,59.17169647,7168.0,6416.84,29.53278923,0.0
2021-03-21 13:49:55.260663507,497,1616349600000.0,0.0046025,0.004622,0.0045936,0.0046044,9029.31,1616353199999.0,41.60064634,6428.0,4215.76,19.4246028,0.0
2021-03-21 14:50:08.530805687,498,1616353200000.0,0.0046048,0.0046179,0.004598,0.0046048,10824.57,1616356799999.0,49.87950884,6757.0,4499.66,20.7365402,0.0
2021-03-21 15:50:21.800947867,499,1616356800000.0,0.0046042,0.0046172,0.0045752,0.0046146,22105.94,1616360399999.0,101.63696757,10496.0,7267.67,33.40740811,0.0
2021-03-21 16:50:35.071090047,500,1616360400000.0,0.0046133,0.0046267,0.0046007,0.0046022,10103.31,1616363999999.0,46.59849223,6659.0,4031.99,18.59749109,0.0
2021-03-21 17:50:48.341232227,501,1616364000000.0,0.0046021,0.0046069,0.0045847,0.0045887,10222.58,1616367599999.0,46.98122677,6181.0,5007.37,23.0144918,0.0
2021-03-21 18:51:01.611374407,502,1616367600000.0,0.0045887,0.0046157,0.0045866,0.0046157,11952.96,1616371199999.0,54.94138887,6890.0,6151.58,28.2809519,0.0
2021-03-21 19:51:14.881516587,503,1616371200000.0,0.0046153,0.0046232,0.0046052,0.0046091,12475.16,1616374799999.0,57.56578552,7567.0,5892.4,27.19300437,0.0
2021-03-21 20:51:28.151658767,504,1616374800000.0,0.0046102,0.004636,0.0046079,0.0046336,11173.76,1616378399999.0,51.65095814,6404.0,6223.32,28.76492878,0.0
2021-03-21 21:51:41.421800947,505,1616378400000.0,0.0046334,0.0046514,0.0046315,0.0046423,13228.27,1616381999999.0,61.40984083,5988.0,6934.69,32.19359363,0.0
2021-03-21 22:51:54.691943128,506,1616382000000.0,0.004643,0.0046807,0.0046394,0.0046555,48203.91,1616385599999.0,224.10636312,9347.0,33082.18,153.7491323,0.0
2021-03-21 23:52:07.962085308,507,1616385600000.0,0.0046554,0.0046611,0.0046231,0.0046309,13527.79,1616389199999.0,62.71696568,7514.0,6697.91,31.05431752,0.0
2021-03-22 00:52:21.232227488,508,1616389200000.0,0.0046309,0.0046578,0.0046306,0.0046501,12284.9,1616392799999.0,57.08738462,7377.0,6889.48,32.01311112,0.0
2021-03-22 01:52:34.502369668,509,1616392800000.0,0.0046504,0.0046585,0.0046058,0.004622,21131.95,1616396399999.0,97.91650388,8860.0,10268.85,47.57782877,0.0
2021-03-22 02:52:47.772511848,510,1616396400000.0,0.0046214,0.0046266,0.0045997,0.0046117,14934.13,1616399999999.0,68.90302581,7419.0,6542.9,30.19525345,0.0
2021-03-22 03:53:01.042654028,511,1616400000000.0,0.0046117,0.0046231,0.0046059,0.0046169,10089.28,1616403599999.0,46.55179613,6813.0,4959.9,22.88691187,0.0
2021-03-22 04:53:14.312796208,512,1616403600000.0,0.0046168,0.0046578,0.0046078,0.0046549,18745.32,1616407199999.0,86.79557009,8304.0,8636.78,40.01060326,0.0
2021-03-22 05:53:27.582938388,513,1616407200000.0,0.0046549,0.0046585,0.0045949,0.0045988,26613.38,1616410799999.0,122.86832166,11585.0,10217.7,47.17823287,0.0
2021-03-22 06:53:40.853080568,514,1616410800000.0,0.0045989,0.0046252,0.0045929,0.0046245,11485.73,1616414399999.0,52.91329699,6901.0,6512.11,30.00490075,0.0
2021-03-22 07:53:54.123222748,515,1616414400000.0,0.0046246,0.004645,0.0046169,0.0046396,17753.42,1616417999999.0,82.29775439,8225.0,11434.58,53.02302528,0.0
2021-03-22 08:54:07.393364929,516,1616418000000.0,0.0046396,0.0046798,0.0046332,0.0046757,22945.73,1616421599999.0,106.84371289,11492.0,15357.25,71.51805744,0.0
2021-03-22 09:54:20.663507109,517,1616421600000.0,0.0046755,0.0046938,0.0046633,0.0046915,22796.07,1616425199999.0,106.66455583,11077.0,13527.44,63.30042066,0.0
2021-03-22 10:54:33.933649289,518,1616425200000.0,0.004691,0.0046986,0.0046683,0.004688,15621.4,1616428799999.0,73.14414709,9302.0,7358.34,34.45665302,0.0
2021-03-22 11:54:47.203791469,519,1616428800000.0,0.004688,0.0047362,0.0046863,0.004725,25953.24,1616432399999.0,122.28588893,12635.0,14930.9,70.35691393,0.0
2021-03-22 12:55:00.473933649,520,1616432400000.0,0.004725,0.0048338,0.0047243,0.0048267,64641.04,1616435999999.0,309.37499782,24781.0,30438.83,145.63287626,0.0
2021-03-22 13:55:13.744075829,521,1616436000000.0,0.0048257,0.0048493,0.0047652,0.0047822,50153.4,1616439599999.0,240.63144274,17159.0,24236.48,116.26148633,0.0
2021-03-22 14:55:27.014218009,522,1616439600000.0,0.0047826,0.0048069,0.0047233,0.0047863,62158.04,1616443199999.0,296.35956624,17865.0,26658.41,127.06131121,0.0
2021-03-22 15:55:40.284360189,523,1616443200000.0,0.0047863,0.0047949,0.004728,0.00475,36913.83,1616446799999.0,175.70876725,15308.0,19618.73,93.38683406,0.0
2021-03-22 16:55:53.554502369,524,1616446800000.0,0.00475,0.0047626,0.0047126,0.0047277,38763.46,1616450399999.0,183.47370757,13282.0,24857.95,117.63153248,0.0
2021-03-22 17:56:06.824644549,525,1616450400000.0,0.0047273,0.0047351,0.0047051,0.0047289,23848.98,1616453999999.0,112.63770806,9160.0,11184.47,52.82865767,0.0
2021-03-22 18:56:20.094786729,526,1616454000000.0,0.0047289,0.0047318,0.0046952,0.0047164,24607.89,1616457599999.0,116.03503421,6885.0,9549.03,45.040071,0.0
2021-03-22 19:56:33.364928910,527,1616457600000.0,0.0047158,0.0048061,0.0046918,0.0047329,45970.85,1616461199999.0,217.96550223,15591.0,24220.22,114.59843599,0.0
2021-03-22 20:56:46.635071090,528,1616461200000.0,0.0047339,0.0047509,0.004725,0.0047452,10357.15,1616464799999.0,49.07543956,5451.0,5535.04,26.22383652,0.0
2021-03-22 21:56:59.905213270,529,1616464800000.0,0.0047452,0.0047484,0.0047242,0.0047463,12518.12,1616468399999.0,59.28656476,5492.0,6287.78,29.77873284,0.0
2021-03-22 22:57:13.175355450,530,1616468400000.0,0.0047463,0.0047473,0.0047268,0.0047406,13518.73,1616471999999.0,64.01574233,4235.0,6719.03,31.8177062,0.0
2021-03-22 23:57:26.445497630,531,1616472000000.0,0.0047415,0.0047657,0.0047366,0.0047634,12494.84,1616475599999.0,59.41573407,4923.0,6767.85,32.18487583,0.0
2021-03-23 00:57:39.715639810,532,1616475600000.0,0.0047635,0.0048001,0.0047354,0.0047968,25900.11,1616479199999.0,123.60412879,9254.0,14175.36,67.63515886,0.0
2021-03-23 01:57:52.985781990,533,1616479200000.0,0.0047975,0.0047986,0.00473,0.0047365,22281.63,1616482799999.0,105.90899853,9389.0,9812.48,46.63278491,0.0
2021-03-23 02:58:06.255924170,534,1616482800000.0,0.0047365,0.0047685,0.0047346,0.0047497,12732.54,1616486399999.0,60.56039875,6160.0,6713.7,31.93070757,0.0
2021-03-23 03:58:19.526066350,535,1616486400000.0,0.0047499,0.0047591,0.0047272,0.0047363,15758.97,1616489999999.0,74.77289538,6535.0,5234.64,24.82241415,0.0
2021-03-23 04:58:32.796208530,536,1616490000000.0,0.0047373,0.0047774,0.0047329,0.0047492,17454.47,1616493599999.0,83.05043928,7641.0,9691.48,46.11737511,0.0
2021-03-23 05:58:46.066350710,537,1616493600000.0,0.0047518,0.004759,0.0047272,0.0047374,10916.31,1616497199999.0,51.78653498,5737.0,5990.99,28.42377056,0.0
2021-03-23 06:58:59.336492891,538,1616497200000.0,0.0047378,0.0047571,0.0047094,0.0047175,18432.45,1616500799999.0,87.17795806,7877.0,9209.92,43.52860561,0.0
2021-03-23 07:59:12.606635071,539,1616500800000.0,0.0047174,0.0047303,0.0047,0.0047072,18101.93,1616504399999.0,85.28456878,8520.0,10086.59,47.515904,0.0
2021-03-23 08:59:25.876777251,540,1616504400000.0,0.0047072,0.0047521,0.0047,0.0047256,17249.47,1616507999999.0,81.60543638,8227.0,8742.09,41.34781513,0.0
2021-03-23 09:59:39.146919431,541,1616508000000.0,0.0047256,0.0047282,0.004675,0.0047042,23286.86,1616511599999.0,109.48660862,9550.0,7965.42,37.46798741,0.0
2021-03-23 10:59:52.417061611,542,1616511600000.0,0.0047042,0.0047195,0.004704,0.0047136,9756.98,1616515199999.0,45.99171533,5413.0,4143.66,19.53326027,0.0
2021-03-23 12:00:05.687203791,543,1616515200000.0,0.0047136,0.0047214,0.0046844,0.0046944,14501.79,1616518799999.0,68.17195643,7537.0,6733.01,31.64720446,0.0
2021-03-23 13:00:18.957345971,544,1616518800000.0,0.0046935,0.0046957,0.0046614,0.0046664,10647.63,1616522399999.0,49.77867874,7252.0,4731.27,22.11843209,0.0
2021-03-23 14:00:32.227488151,545,1616522400000.0,0.0046665,0.0046775,0.0046506,0.0046581,11412.85,1616525999999.0,53.21345629,6760.0,5933.71,27.66630764,0.0
2021-03-23 15:00:45.497630331,546,1616526000000.0,0.0046587,0.004678,0.004653,0.0046755,13615.47,1616529599999.0,63.53569183,6679.0,6206.17,28.96988756,0.0
2021-03-23 16:00:58.767772511,547,1616529600000.0,0.0046749,0.004677,0.004656,0.0046655,10260.11,1616533199999.0,47.88340359,6116.0,5608.72,26.18062859,0.0
2021-03-23 17:01:12.037914692,548,1616533200000.0,0.004665,0.0046738,0.00465,0.0046589,11627.32,1616536799999.0,54.17763154,6605.0,4895.58,22.82000741,0.0
2021-03-23 18:01:25.308056872,549,1616536800000.0,0.0046585,0.0046864,0.0046523,0.0046806,8698.2,1616540399999.0,40.66147034,5440.0,4378.64,20.47065456,0.0
2021-03-23 19:01:38.578199052,550,1616540400000.0,0.0046805,0.004701,0.0046715,0.004701,12773.82,1616543999999.0,59.80925982,6289.0,7469.21,34.9791667,0.0
2021-03-23 20:01:51.848341232,551,1616544000000.0,0.0047007,0.0047047,0.0046648,0.004687,17832.75,1616547599999.0,83.50255048,8155.0,9502.31,44.50279359,0.0
2021-03-23 21:02:05.118483412,552,1616547600000.0,0.0046878,0.0047077,0.004684,0.0046922,11511.05,1616551199999.0,54.05524425,5610.0,5029.33,23.62046435,0.0
2021-03-23 22:02:18.388625592,553,1616551200000.0,0.0046928,0.0047195,0.0046881,0.0046977,12087.2,1616554799999.0,56.85236288,6074.0,6880.63,32.35892171,0.0
2021-03-23 23:02:31.658767772,554,1616554800000.0,0.0046974,0.004718,0.0046808,0.0047142,14382.14,1616558399999.0,67.60421853,5627.0,7362.38,34.60501583,0.0
2021-03-24 00:02:44.928909952,555,1616558400000.0,0.0047124,0.004727,0.0046958,0.0047129,11203.61,1616561999999.0,52.77926289,4665.0,5732.49,27.0069608,0.0
2021-03-24 01:02:58.199052132,556,1616562000000.0,0.0047129,0.0047205,0.0047,0.0047205,8118.56,1616565599999.0,38.23412942,4262.0,4095.85,19.29189363,0.0
2021-03-24 02:03:11.469194312,557,1616565600000.0,0.0047205,0.004739,0.0047055,0.0047166,49605.57,1616569199999.0,234.40447871,8346.0,34396.77,162.57361735,0.0
2021-03-24 03:03:24.739336492,558,1616569200000.0,0.0047175,0.0047193,0.0046674,0.0046799,37002.28,1616572799999.0,173.30826167,10811.0,22223.73,104.09097606,0.0
2021-03-24 04:03:38.009478673,559,1616572800000.0,0.00468,0.0046869,0.0046169,0.0046194,20788.13,1616576399999.0,96.58101097,11122.0,9510.45,44.21832086,0.0
2021-03-24 05:03:51.279620853,560,1616576400000.0,0.0046187,0.0046964,0.0046031,0.0046782,30198.6,1616579999999.0,140.57069967,13548.0,14555.58,67.77474992,0.0
2021-03-24 06:04:04.549763033,561,1616580000000.0,0.0046783,0.0046865,0.0046587,0.0046732,17841.82,1616583599999.0,83.31604817,6863.0,8969.14,41.88116366,0.0
2021-03-24 07:04:17.819905213,562,1616583600000.0,0.0046737,0.0046913,0.0046553,0.0046557,11824.22,1616587199999.0,55.25671356,6253.0,6370.75,29.77304402,0.0
2021-03-24 08:04:31.090047393,563,1616587200000.0,0.0046556,0.0047238,0.00465,0.0046909,18729.95,1616590799999.0,87.81135579,10430.0,9624.1,45.13653348,0.0
2021-03-24 09:04:44.360189573,564,1616590800000.0,0.0046906,0.0047154,0.0046745,0.0046746,15234.84,1616594399999.0,71.5060697,9036.0,7691.7,36.10624257,0.0
2021-03-24 10:04:57.630331753,565,1616594400000.0,0.0046746,0.0046815,0.004656,0.0046626,13621.1,1616597999999.0,63.63044624,6968.0,6019.8,28.12348369,0.0
2021-03-24 11:05:10.900473933,566,1616598000000.0,0.004663,0.0046734,0.0046463,0.0046693,16198.43,1616601599999.0,75.46040129,7379.0,8186.71,38.14383379,0.0
2021-03-24 12:05:24.170616113,567,1616601600000.0,0.0046687,0.0046806,0.0046519,0.0046726,14582.53,1616605199999.0,68.02760965,6704.0,8348.03,38.94550595,0.0
2021-03-24 13:05:37.440758293,568,1616605200000.0,0.0046723,0.0046883,0.0046515,0.0046601,11814.19,1616608799999.0,55.16377172,6398.0,6674.25,31.17609241,0.0
2021-03-24 14:05:50.710900474,569,1616608800000.0,0.0046589,0.0046726,0.0046555,0.004664,11253.18,1616612399999.0,52.47745366,5638.0,6348.0,29.60621109,0.0
2021-03-24 15:06:03.981042654,570,1616612400000.0,0.0046622,0.004669,0.004635,0.0046607,22798.11,1616615999999.0,106.00607878,9222.0,12531.11,58.26999728,0.0
2021-03-24 16:06:17.251184834,571,1616616000000.0,0.0046604,0.00476,0.004651,0.0047561,37471.38,1616619599999.0,176.3741577,16785.0,21409.87,100.86376991,0.0
2021-03-24 17:06:30.521327014,572,1616619600000.0,0.004756,0.0047582,0.0047244,0.0047454,15813.31,1616623199999.0,74.9525604,7226.0,9125.34,43.25648965,0.0
2021-03-24 18:06:43.791469194,573,1616623200000.0,0.0047438,0.00476,0.004635,0.0047032,65484.14,1616626799999.0,307.25426781,22789.0,34802.52,163.35726958,0.0
2021-03-24 19:06:57.061611374,574,1616626800000.0,0.0047032,0.0047514,0.004687,0.0047512,28318.7,1616630399999.0,133.72377797,11928.0,16366.29,77.32390643,0.0
2021-03-24 20:07:10.331753554,575,1616630400000.0,0.0047514,0.0047526,0.0047058,0.0047112,28585.15,1616633999999.0,135.00291859,10724.0,15605.68,73.71471388,0.0
2021-03-24 21:07:23.601895734,576,1616634000000.0,0.0047112,0.0047146,0.0046662,0.0046687,20077.87,1616637599999.0,94.10813346,8704.0,8193.46,38.42128935,0.0
2021-03-24 22:07:36.872037914,577,1616637600000.0,0.0046674,0.0046718,0.004596,0.0046127,42183.78,1616641199999.0,195.20482816,14310.0,19163.44,88.60952533,0.0
2021-03-24 23:07:50.142180094,578,1616641200000.0,0.0046123,0.0046246,0.004589,0.0046189,32397.46,1616644799999.0,149.244164,8616.0,12043.2,55.51187108,0.0
2021-03-25 00:08:03.412322274,579,1616644800000.0,0.0046198,0.0046329,0.004598,0.0046245,20961.18,1616648399999.0,96.71656579,5832.0,8279.54,38.21761344,0.0
2021-03-25 01:08:16.682464455,580,1616648400000.0,0.0046244,0.0046725,0.0046217,0.0046624,16599.47,1616651999999.0,77.23147065,8125.0,9468.51,44.05522411,0.0
2021-03-25 02:08:29.952606635,581,1616652000000.0,0.0046618,0.0046865,0.004649,0.0046753,19921.85,1616655599999.0,92.87101857,7776.0,10544.01,49.16899393,0.0
2021-03-25 03:08:43.222748815,582,1616655600000.0,0.0046753,0.0046815,0.0046198,0.0046234,13406.37,1616659199999.0,62.39665303,5996.0,5360.45,24.97045067,0.0
2021-03-25 04:08:56.492890995,583,1616659200000.0,0.0046293,0.0046716,0.0046234,0.0046546,13674.86,1616662799999.0,63.65494564,5894.0,6287.27,29.25840376,0.0
2021-03-25 05:09:09.763033175,584,1616662800000.0,0.0046549,0.0046649,0.0046448,0.0046595,9062.76,1616666399999.0,42.18188745,4383.0,4869.66,22.66844587,0.0
2021-03-25 06:09:23.033175355,585,1616666400000.0,0.0046603,0.0046655,0.0046387,0.00466,13527.52,1616669999999.0,62.94913694,6378.0,6550.84,30.49397355,0.0
2021-03-25 07:09:36.303317535,586,1616670000000.0,0.0046599,0.0046649,0.0046401,0.0046408,8541.94,1616673599999.0,39.7387735,4788.0,4161.46,19.36259024,0.0
2021-03-25 08:09:49.573459715,587,1616673600000.0,0.0046411,0.004655,0.004444,0.0045142,141102.25,1616677199999.0,639.19384966,40703.0,71696.82,324.75649217,0.0
2021-03-25 09:10:02.843601895,588,1616677200000.0,0.0045159,0.0045571,0.0045014,0.0045496,54134.13,1616680799999.0,245.12292602,15675.0,26384.33,119.47603697,0.0
2021-03-25 10:10:16.113744075,589,1616680800000.0,0.0045502,0.0045602,0.0045205,0.0045292,23706.22,1616684399999.0,107.63256043,7816.0,13047.93,59.23765646,0.0
2021-03-25 11:10:29.383886256,590,1616684400000.0,0.0045291,0.0045956,0.0045202,0.0045353,36848.15,1616687999999.0,167.56840161,12642.0,19430.57,88.42178084,0.0
2021-03-25 12:10:42.654028436,591,1616688000000.0,0.0045337,0.0045421,0.00451,0.0045243,27637.31,1616691599999.0,125.09733667,9297.0,12804.63,57.96750694,0.0
2021-03-25 13:10:55.924170616,592,1616691600000.0,0.0045271,0.0045419,0.0045071,0.0045382,12487.81,1616695199999.0,56.48023987,6478.0,6381.1,28.8670833,0.0
2021-03-25 14:11:09.194312796,593,1616695200000.0,0.00454,0.0045553,0.0045219,0.0045414,14538.36,1616698799999.0,66.01145068,7055.0,6827.49,31.01374796,0.0
2021-03-25 15:11:22.464454976,594,1616698800000.0,0.0045416,0.0045553,0.0045095,0.0045218,13689.9,1616702399999.0,62.02031154,6676.0,7477.97,33.88193951,0.0
2021-03-25 16:11:35.734597156,595,1616702400000.0,0.0045216,0.0045538,0.0045112,0.0045465,13345.75,1616705999999.0,60.49580388,6187.0,7218.7,32.72431101,0.0
2021-03-25 17:11:49.004739336,596,1616706000000.0,0.0045449,0.0045454,0.0045024,0.0045256,14927.44,1616709599999.0,67.52345358,7127.0,7672.89,34.71666644,0.0
2021-03-25 18:12:02.274881516,597,1616709600000.0,0.0045256,0.0045624,0.0045254,0.0045439,17633.02,1616713199999.0,80.11758689,7784.0,9305.41,42.28076667,0.0
2021-03-25 19:12:15.545023696,598,1616713200000.0,0.0045439,0.0045664,0.0045435,0.0045608,10513.09,1616716799999.0,47.90455784,5106.0,5110.96,23.29321784,0.0
2021-03-25 20:12:28.815165876,599,1616716800000.0,0.0045611,0.004628,0.0045494,0.004626,19175.96,1616720399999.0,87.97576635,9402.0,10561.63,48.46936997,0.0
2021-03-25 21:12:42.085308056,600,1616720400000.0,0.004626,0.0046461,0.0046119,0.004646,13321.01,1616723999999.0,61.6899285,6205.0,7133.91,33.04288101,0.0
2021-03-25 22:12:55.355450237,601,1616724000000.0,0.0046461,0.0046516,0.0046074,0.0046186,14680.46,1616727599999.0,67.93986136,5768.0,8176.66,37.83579648,0.0
2021-03-25 23:13:08.625592417,602,1616727600000.0,0.0046186,0.00464,0.00461,0.0046125,11564.62,1616731199999.0,53.45570619,5761.0,5464.5,25.26276756,0.0
2021-03-26 00:13:21.895734597,603,1616731200000.0,0.0046129,0.004628,0.0045935,0.0045976,8405.91,1616734799999.0,38.73836326,4360.0,3904.86,17.99300148,0.0
2021-03-26 01:13:35.165876777,604,1616734800000.0,0.0045977,0.0046095,0.0045859,0.0046081,9450.04,1616738399999.0,43.44743471,4780.0,4442.96,20.42757517,0.0
2021-03-26 02:13:48.436018957,605,1616738400000.0,0.004608,0.004615,0.0045819,0.0045857,10639.38,1616741999999.0,48.89199745,4833.0,5987.59,27.51465236,0.0
2021-03-26 03:14:01.706161137,606,1616742000000.0,0.0045862,0.0046096,0.0045739,0.004595,45837.63,1616745599999.0,210.40828157,7558.0,30379.77,139.42371514,0.0
2021-03-26 04:14:14.976303317,607,1616745600000.0,0.0045955,0.0046212,0.0045865,0.0045919,21798.62,1616749199999.0,100.37112739,8814.0,9423.89,43.39897999,0.0
2021-03-26 05:14:28.246445497,608,1616749200000.0,0.0045919,0.0046175,0.0045856,0.004617,14069.32,1616752799999.0,64.76193468,6996.0,7444.56,34.26726858,0.0
2021-03-26 06:14:41.516587677,609,1616752800000.0,0.0046163,0.00465,0.004616,0.0046311,18870.27,1616756399999.0,87.41913434,7770.0,12750.31,59.07448102,0.0
2021-03-26 07:14:54.786729857,610,1616756400000.0,0.0046311,0.0047006,0.0046283,0.0046947,28485.55,1616759999999.0,133.0033065,11510.0,16172.84,75.50662415,0.0
2021-03-26 08:15:08.056872038,611,1616760000000.0,0.0046939,0.0047407,0.004684,0.004696,42095.16,1616763599999.0,198.36794734,12895.0,24396.98,114.95994007,0.0
2021-03-26 09:15:21.327014218,612,1616763600000.0,0.0046962,0.0047,0.0046615,0.0046824,19153.99,1616767199999.0,89.63174748,8299.0,10814.92,50.61484752,0.0
2021-03-26 10:15:34.597156398,613,1616767200000.0,0.0046834,0.0046944,0.0046531,0.0046555,13356.18,1616770799999.0,62.5043217,7389.0,6071.81,28.42529301,0.0
2021-03-26 11:15:47.867298578,614,1616770800000.0,0.004655,0.0046619,0.0046387,0.0046513,19036.4,1616774399999.0,88.55653429,6766.0,10486.61,48.7895733,0.0
2021-03-26 12:16:01.137440758,615,1616774400000.0,0.0046512,0.004675,0.0046267,0.0046655,21457.65,1616777999999.0,99.73498428,9841.0,10306.88,47.91189572,0.0
2021-03-26 13:16:14.407582938,616,1616778000000.0,0.0046656,0.0046836,0.0046609,0.004673,13334.17,1616781599999.0,62.28467467,6138.0,6792.0,31.72789435,0.0
2021-03-26 14:16:27.677725118,617,1616781600000.0,0.0046728,0.0046774,0.004644,0.0046452,9418.66,1616785199999.0,43.90953261,5929.0,3942.91,18.38137828,0.0
2021-03-26 15:16:40.947867298,618,1616785200000.0,0.0046454,0.0046673,0.0046356,0.0046558,12106.83,1616788799999.0,56.31294566,6274.0,5569.98,25.9059738,0.0
2021-03-26 16:16:54.218009478,619,1616788800000.0,0.0046552,0.0046755,0.0046535,0.004668,10455.15,1616792399999.0,48.76327511,6423.0,4924.43,22.96646483,0.0
2021-03-26 17:17:07.488151658,620,1616792400000.0,0.004668,0.0046772,0.0046403,0.0046528,12054.66,1616795999999.0,56.15355261,6682.0,5486.02,25.56130895,0.0
2021-03-26 18:17:20.758293838,621,1616796000000.0,0.0046528,0.0046607,0.004627,0.0046338,13710.03,1616799599999.0,63.61069156,6619.0,6141.36,28.49604801,0.0
2021-03-26 19:17:34.028436019,622,1616799600000.0,0.0046332,0.004648,0.0046256,0.0046352,11809.72,1616803199999.0,54.75055021,6030.0,5552.11,25.73995413,0.0
2021-03-26 20:17:47.298578199,623,1616803200000.0,0.0046351,0.0046409,0.004585,0.0045967,22171.56,1616806799999.0,102.20680183,10312.0,9979.71,46.01561445,0.0
2021-03-26 21:18:00.568720379,624,1616806800000.0,0.0045966,0.0046122,0.00458,0.004586,13499.66,1616810399999.0,62.08714902,5667.0,6331.17,29.11710743,0.0
2021-03-26 22:18:13.838862559,625,1616810400000.0,0.0045861,0.0046024,0.004582,0.0045931,9220.29,1616813999999.0,42.35194321,3943.0,4665.99,21.43546899,0.0
2021-03-26 23:18:27.109004739,626,1616814000000.0,0.0045926,0.0046074,0.0045752,0.0046036,7480.14,1616817599999.0,34.34053829,3715.0,3186.74,14.63140214,0.0
2021-03-27 00:18:40.379146919,627,1616817600000.0,0.0046036,0.0046171,0.0045944,0.0046096,9633.88,1616821199999.0,44.3800421,4342.0,4296.5,19.79447138,0.0
2021-03-27 01:18:53.649289099,628,1616821200000.0,0.0046097,0.0046152,0.0045855,0.0045881,10357.17,1616824799999.0,47.68915596,4342.0,5113.49,23.54734274,0.0
2021-03-27 02:19:06.919431279,629,1616824800000.0,0.0045881,0.0046151,0.0045847,0.0046087,17256.12,1616828399999.0,79.46343618,4271.0,7435.16,34.22911115,0.0
2021-03-27 03:19:20.189573459,630,1616828400000.0,0.0046088,0.0046127,0.004585,0.0045941,38391.14,1616831999999.0,176.655654,5198.0,27303.47,125.62846468,0.0
2021-03-27 04:19:33.459715640,631,1616832000000.0,0.0045935,0.0046584,0.0045845,0.0046543,32019.16,1616835599999.0,147.57401513,6622.0,24887.04,114.61541631,0.0
2021-03-27 05:19:46.729857820,632,1616835600000.0,0.0046543,0.0047328,0.004643,0.0047311,25657.64,1616839199999.0,120.34842204,11171.0,15835.71,74.30290338,0.0
2021-03-27 06:20:00.000000000,633,1616839200000.0,0.004731,0.0047453,0.0046847,0.0046849,42697.35,1616842799999.0,201.35051722,13229.0,26845.67,126.6319562,0.0
2021-03-27 07:20:13.270142180,634,1616842800000.0,0.0046849,0.0047318,0.0046629,0.0047029,20674.97,1616846399999.0,97.17592975,8941.0,10646.77,50.06028332,0.0
2021-03-27 08:20:26.540284360,635,1616846400000.0,0.0047028,0.0047054,0.0046716,0.0046904,15145.06,1616849999999.0,71.02355088,7310.0,8527.3,39.99548544,0.0
2021-03-27 09:20:39.810426540,636,1616850000000.0,0.0046903,0.0047296,0.0046887,0.0047109,19737.64,1616853599999.0,93.06456589,7549.0,9618.31,45.34082988,0.0
2021-03-27 10:20:53.080568720,637,1616853600000.0,0.0047122,0.0047585,0.004685,0.0047521,35479.63,1616857199999.0,167.85081821,12004.0,20303.31,96.13677011,0.0
2021-03-27 11:21:06.350710900,638,1616857200000.0,0.0047525,0.004776,0.0047375,0.0047451,33724.11,1616860799999.0,160.51085108,10451.0,16827.44,80.11042986,0.0
2021-03-27 12:21:19.620853080,639,1616860800000.0,0.004746,0.0047777,0.0047001,0.0047044,26717.93,1616864399999.0,126.53230048,11569.0,12685.92,60.11941337,0.0
2021-03-27 13:21:32.890995260,640,1616864400000.0,0.0047034,0.004785,0.0047001,0.0047438,30354.54,1616867999999.0,144.20500314,11784.0,16334.91,77.59003485,0.0
2021-03-27 14:21:46.161137440,641,1616868000000.0,0.0047437,0.0047556,0.0047051,0.0047363,18980.21,1616871599999.0,89.85452052,7955.0,9053.06,42.8522755,0.0
2021-03-27 15:21:59.431279621,642,1616871600000.0,0.0047364,0.0047436,0.004722,0.0047323,11437.47,1616875199999.0,54.12725583,5798.0,6215.95,29.41993493,0.0
2021-03-27 16:22:12.701421801,643,1616875200000.0,0.0047321,0.0048065,0.0047267,0.0047949,20105.78,1616878799999.0,96.03282497,8691.0,11903.08,56.84059321,0.0
2021-03-27 17:22:25.971563981,644,1616878800000.0,0.0047949,0.0048745,0.0047909,0.0048523,58943.19,1616882399999.0,285.12242325,15398.0,24853.98,120.21671105,0.0
2021-03-27 18:22:39.241706161,645,1616882400000.0,0.0048538,0.0048979,0.0048055,0.0048771,50448.08,1616885999999.0,245.03991927,14899.0,21460.46,104.23181639,0.0
2021-03-27 19:22:52.511848341,646,1616886000000.0,0.004877,0.0048812,0.0048111,0.0048233,33482.15,1616889599999.0,162.37571765,11685.0,13633.56,66.10881115,0.0
2021-03-27 20:23:05.781990521,647,1616889600000.0,0.0048233,0.0048756,0.0047859,0.0048729,67274.34,1616893199999.0,325.26617598,16346.0,37002.63,178.81617121,0.0
2021-03-27 21:23:19.052132701,648,1616893200000.0,0.0048725,0.0048862,0.0048408,0.0048535,20798.99,1616896799999.0,101.1993773,8195.0,10036.61,48.85878758,0.0
2021-03-27 22:23:32.322274881,649,1616896800000.0,0.0048534,0.0048872,0.0048321,0.0048785,20800.51,1616900399999.0,101.05039891,6294.0,9662.05,46.94060888,0.0
2021-03-27 23:23:45.592417061,650,1616900400000.0,0.0048784,0.0049607,0.0048712,0.0049589,31641.17,1616903999999.0,155.63584211,11437.0,16614.82,81.78475851,0.0
2021-03-28 00:23:58.862559241,651,1616904000000.0,0.0049587,0.00499,0.0049175,0.0049304,44616.6,1616907599999.0,221.30257089,13467.0,18822.48,93.28212217,0.0
2021-03-28 01:24:12.132701422,652,1616907600000.0,0.0049303,0.0049822,0.0049303,0.004938,23142.31,1616911199999.0,114.79235022,8519.0,13563.41,67.26643849,0.0
2021-03-28 02:24:25.402843602,653,1616911200000.0,0.004938,0.0049472,0.0048763,0.004904,38589.86,1616914799999.0,189.26467401,11411.0,21710.38,106.40127938,0.0
2021-03-28 03:24:38.672985782,654,1616914800000.0,0.004904,0.0049354,0.0048994,0.0049354,15104.75,1616918399999.0,74.36857853,7155.0,8006.2,39.42759182,0.0
2021-03-28 04:24:51.943127962,655,1616918400000.0,0.0049353,0.0049412,0.0048877,0.0049047,24984.41,1616921999999.0,122.58429002,8398.0,14695.7,72.11372494,0.0
2021-03-28 05:25:05.213270142,656,1616922000000.0,0.0049041,0.0049045,0.0048145,0.004823,27194.52,1616925599999.0,131.76468426,10777.0,11799.77,57.17311316,0.0
2021-03-28 06:25:18.483412322,657,1616925600000.0,0.0048231,0.0048728,0.0048035,0.0048452,22130.36,1616929199999.0,107.13177558,9438.0,11947.04,57.79780016,0.0
2021-03-28 07:25:31.753554502,658,1616929200000.0,0.0048457,0.0048579,0.0048214,0.0048247,11212.07,1616932799999.0,54.22508896,6916.0,5744.59,27.78463839,0.0
2021-03-28 08:25:45.023696682,659,1616932800000.0,0.004824,0.0048731,0.0048,0.0048591,24176.81,1616936399999.0,116.82429695,11222.0,12085.65,58.39962739,0.0
2021-03-28 09:25:58.293838862,660,1616936400000.0,0.0048584,0.0048854,0.0048495,0.0048611,14692.55,1616939999999.0,71.52434815,6909.0,4958.24,24.14209378,0.0
2021-03-28 10:26:11.563981042,661,1616940000000.0,0.0048611,0.004886,0.004826,0.0048522,18799.62,1616943599999.0,91.22972284,8810.0,9354.66,45.38397312,0.0
2021-03-28 11:26:24.834123222,662,1616943600000.0,0.0048521,0.0048659,0.0048259,0.0048291,18220.12,1616947199999.0,88.24469155,8519.0,8036.32,38.91155388,0.0
2021-03-28 12:26:38.104265403,663,1616947200000.0,0.0048293,0.0048357,0.0047915,0.0048027,20279.15,1616950799999.0,97.63705445,10404.0,10054.78,48.43472517,0.0
2021-03-28 13:26:51.374407583,664,1616950800000.0,0.0048048,0.0048104,0.0047855,0.0048037,17983.41,1616954399999.0,86.28189489,9606.0,10682.0,51.24711589,0.0
2021-03-28 14:27:04.644549763,665,1616954400000.0,0.0048037,0.0048091,0.0047691,0.0047767,18473.55,1616957999999.0,88.36799752,7436.0,9272.98,44.36355941,0.0
2021-03-28 15:27:17.914691943,666,1616958000000.0,0.0047782,0.0048383,0.0047711,0.0048166,24910.89,1616961599999.0,119.75166515,11047.0,13168.51,63.30989023,0.0
2021-03-28 16:27:31.184834123,667,1616961600000.0,0.0048161,0.0048388,0.0047915,0.0048035,15386.94,1616965199999.0,73.97130329,8024.0,6596.54,31.71930599,0.0
2021-03-28 17:27:44.454976303,668,1616965200000.0,0.0048031,0.0048275,0.0047984,0.0048104,8365.92,1616968799999.0,40.28612386,5063.0,3459.67,16.66154044,0.0
2021-03-28 18:27:57.725118483,669,1616968800000.0,0.0048102,0.0048288,0.0048027,0.0048168,5389.07,1616972399999.0,25.96365498,3712.0,2672.28,12.87689806,0.0
2021-03-28 19:28:10.995260663,670,1616972400000.0,0.0048167,0.00483,0.0048121,0.0048162,10699.58,1616975999999.0,51.58702438,3716.0,4529.28,21.84680455,0.0
2021-03-28 20:28:24.265402843,671,1616976000000.0,0.0048163,0.0048584,0.0047888,0.0048144,36309.99,1616979599999.0,175.23524942,9959.0,17393.69,83.95143332,0.0
2021-03-28 21:28:37.535545023,672,1616979600000.0,0.0048143,0.004837,0.0048048,0.0048279,21391.38,1616983199999.0,103.20329277,4886.0,13845.36,66.80477311,0.0
2021-03-28 22:28:50.805687204,673,1616983200000.0,0.0048277,0.0048499,0.0048227,0.0048422,13659.51,1616986799999.0,66.0786347,3752.0,8057.06,38.97607907,0.0
2021-03-28 23:29:04.075829384,674,1616986800000.0,0.0048406,0.0048649,0.0048391,0.0048626,9717.78,1616990399999.0,47.15248362,3857.0,5812.11,28.19988009,0.0
2021-03-29 00:29:17.345971564,675,1616990400000.0,0.0048626,0.0048837,0.0048527,0.0048627,15168.46,1616993999999.0,73.86443147,5053.0,4739.71,23.08955288,0.0
2021-03-29 01:29:30.616113744,676,1616994000000.0,0.0048637,0.004888,0.0048585,0.0048695,10699.49,1616997599999.0,52.12285575,4772.0,5943.96,28.95999348,0.0
2021-03-29 02:29:43.886255924,677,1616997600000.0,0.0048698,0.004897,0.0048659,0.0048915,13522.87,1617001199999.0,65.99925896,5592.0,6199.2,30.25546317,0.0
2021-03-29 03:29:57.156398104,678,1617001200000.0,0.0048913,0.0049136,0.0048764,0.0048919,26883.67,1617004799999.0,131.57513105,9401.0,13413.92,65.64814953,0.0
2021-03-29 04:30:10.426540284,679,1617004800000.0,0.004892,0.0049174,0.0048233,0.0048306,39853.65,1617008399999.0,194.96287206,10661.0,17149.75,83.87012814,0.0
2021-03-29 05:30:23.696682464,680,1617008400000.0,0.0048306,0.00485,0.0047419,0.0047487,40480.26,1617011999999.0,193.92685395,14693.0,21673.25,103.97803567,0.0
2021-03-29 06:30:36.966824644,681,1617012000000.0,0.0047491,0.0047496,0.0046801,0.0046952,55898.15,1617015599999.0,263.09448268,14761.0,34154.95,160.70023536,0.0
2021-03-29 07:30:50.236966824,682,1617015600000.0,0.0046952,0.0047674,0.0046939,0.0047613,17894.65,1617019199999.0,84.62132797,8823.0,10263.92,48.53736956,0.0
2021-03-29 08:31:03.507109004,683,1617019200000.0,0.0047612,0.0047651,0.0047218,0.0047256,14131.88,1617022799999.0,66.98301696,7949.0,7783.48,36.89366205,0.0
2021-03-29 09:31:16.777251185,684,1617022800000.0,0.0047256,0.0047296,0.0047106,0.0047258,10272.03,1617026399999.0,48.50111389,5744.0,4636.26,21.89732175,0.0
2021-03-29 10:31:30.047393365,685,1617026400000.0,0.0047256,0.0047272,0.00469,0.0046975,17396.84,1617029999999.0,81.84115957,7980.0,8984.98,42.26579705,0.0
2021-03-29 11:31:43.317535545,686,1617030000000.0,0.0046974,0.0047244,0.0046945,0.0047202,24915.53,1617033599999.0,117.26878929,10270.0,14261.29,67.12323265,0.0
2021-03-29 12:31:56.587677725,687,1617033600000.0,0.0047195,0.0047532,0.0047115,0.0047499,20128.58,1617037199999.0,95.36002908,8250.0,8317.37,39.39533589,0.0
2021-03-29 13:32:09.857819905,688,1617037200000.0,0.0047496,0.0047534,0.004725,0.004741,12290.03,1617040799999.0,58.25011639,6601.0,5714.3,27.09106783,0.0
2021-03-29 14:32:23.127962085,689,1617040800000.0,0.0047409,0.0047465,0.0047116,0.0047465,9587.01,1617044399999.0,45.35511117,6752.0,5448.8,25.77859399,0.0
2021-03-29 15:32:36.398104265,690,1617044400000.0,0.0047456,0.0047474,0.0047309,0.0047339,8566.57,1617047999999.0,40.59640519,5754.0,4174.44,19.78529085,0.0
2021-03-29 16:32:49.668246445,691,1617048000000.0,0.0047339,0.0047735,0.0047269,0.0047545,11767.55,1617051599999.0,55.9421299,7874.0,6481.19,30.81017245,0.0
2021-03-29 17:33:02.938388625,692,1617051600000.0,0.004757,0.0047632,0.0047401,0.0047494,6559.03,1617055199999.0,31.15583289,5518.0,3385.25,16.08328352,0.0
2021-03-29 18:33:16.208530805,693,1617055200000.0,0.0047495,0.0047495,0.0047274,0.0047465,8481.5,1617058799999.0,40.1895518,5311.0,3463.49,16.41282238,0.0
2021-03-29 19:33:29.478672985,694,1617058800000.0,0.0047467,0.0047843,0.0047433,0.0047741,9576.67,1617062399999.0,45.65213428,5029.0,4520.55,21.54335431,0.0
2021-03-29 20:33:42.748815166,695,1617062400000.0,0.004775,0.0047879,0.0047452,0.0047706,24970.52,1617065999999.0,119.08735827,6614.0,9398.68,44.83145856,0.0
2021-03-29 21:33:56.018957346,696,1617066000000.0,0.0047707,0.0047755,0.00475,0.0047525,9824.16,1617069599999.0,46.82198382,4375.0,4772.9,22.74920377,0.0
2021-03-29 22:34:09.289099526,697,1617069600000.0,0.0047517,0.0047596,0.0047391,0.0047471,8119.03,1617073199999.0,38.57221996,5068.0,3597.56,17.093609,0.0
2021-03-29 23:34:22.559241706,698,1617073200000.0,0.0047478,0.0047729,0.0047478,0.0047647,6210.62,1617076799999.0,29.57700079,3997.0,3098.12,14.75522814,0.0
2021-03-30 00:34:35.829383886,699,1617076800000.0,0.0047647,0.0047751,0.0047524,0.0047578,7742.19,1617080399999.0,36.87228921,4735.0,3533.26,16.82830637,0.0
2021-03-30 01:34:49.099526066,700,1617080400000.0,0.0047577,0.0047714,0.004739,0.0047498,12602.51,1617083999999.0,59.89734701,5957.0,5939.35,28.24044856,0.0
2021-03-30 02:35:02.369668246,701,1617084000000.0,0.0047501,0.0047664,0.0047209,0.0047448,12510.72,1617087599999.0,59.44905976,6777.0,4450.03,21.13374028,0.0
2021-03-30 03:35:15.639810426,702,1617087600000.0,0.0047451,0.0048108,0.0047451,0.0048,31553.55,1617091199999.0,151.10350247,12381.0,13523.72,64.72563031,0.0
2021-03-30 04:35:28.909952606,703,1617091200000.0,0.0048,0.005132,0.0048,0.0050675,202808.89,1617094799999.0,1010.90566648,49993.0,101355.98,505.20241371,0.0
2021-03-30 05:35:42.180094786,704,1617094800000.0,0.0050656,0.0051202,0.0049655,0.0049674,80830.08,1617098399999.0,407.54421456,27757.0,38520.18,194.22338592,0.0
2021-03-30 06:35:55.450236967,705,1617098400000.0,0.0049674,0.0050647,0.0049673,0.0050132,55160.96,1617101999999.0,276.6347388,20014.0,26324.43,131.94446002,0.0
2021-03-30 07:36:08.720379147,706,1617102000000.0,0.0050111,0.00506,0.00501,0.0050129,25602.14,1617105599999.0,128.95883017,13108.0,13223.4,66.60152547,0.0
2021-03-30 08:36:21.990521327,707,1617105600000.0,0.0050136,0.0050248,0.0049925,0.0050146,23723.2,1617109199999.0,118.88605508,10796.0,12951.38,64.90447901,0.0
2021-03-30 09:36:35.260663507,708,1617109200000.0,0.0050146,0.0051666,0.0050117,0.0051386,46551.17,1617112799999.0,236.34646861,20094.0,23762.78,120.7153255,0.0
2021-03-30 10:36:48.530805687,709,1617112800000.0,0.0051386,0.0051767,0.00508,0.0051182,50361.64,1617116399999.0,258.62737472,19353.0,24473.42,125.69318603,0.0
2021-03-30 11:37:01.800947867,710,1617116400000.0,0.0051183,0.005155,0.0050578,0.0050649,42288.14,1617119999999.0,216.1372637,17272.0,18912.29,96.73647859,0.0
2021-03-30 12:37:15.071090047,711,1617120000000.0,0.0050659,0.0051011,0.0050068,0.0050776,47787.97,1617123599999.0,241.60427635,19366.0,21052.15,106.45066478,0.0
2021-03-30 13:37:28.341232227,712,1617123600000.0,0.005078,0.0051432,0.0050635,0.00514,22253.36,1617127199999.0,113.50640255,12290.0,10689.94,54.54629101,0.0
2021-03-30 14:37:41.611374407,713,1617127200000.0,0.0051403,0.0051451,0.0050884,0.0051395,25260.56,1617130799999.0,129.29179443,10895.0,11408.89,58.41251403,0.0
2021-03-30 15:37:54.881516587,714,1617130800000.0,0.0051402,0.005277,0.0051336,0.0052677,55615.29,1617134399999.0,289.63971927,21935.0,33872.56,176.4055231,0.0
2021-03-30 16:38:08.151658767,715,1617134400000.0,0.0052681,0.00528,0.0051585,0.005187,50287.36,1617137999999.0,261.59482167,21205.0,28730.62,149.46972967,0.0
2021-03-30 17:38:21.421800948,716,1617138000000.0,0.005187,0.0052779,0.0051825,0.0052529,29712.06,1617141599999.0,155.70069489,15788.0,13591.84,71.18071805,0.0
2021-03-30 18:38:34.691943128,717,1617141600000.0,0.0052551,0.0052994,0.0052131,0.0052818,41722.12,1617145199999.0,219.05308453,14651.0,19654.16,103.22683718,0.0
2021-03-30 19:38:47.962085308,718,1617145200000.0,0.0052819,0.0053,0.00524,0.0052984,21786.96,1617148799999.0,114.99036242,10757.0,11784.89,62.22946825,0.0
2021-03-30 20:39:01.232227488,719,1617148800000.0,0.0052991,0.0053684,0.0052628,0.0053589,67011.68,1617152399999.0,356.69967441,21802.0,39314.57,209.07971292,0.0
2021-03-30 21:39:14.502369668,720,1617152400000.0,0.0053595,0.0053692,0.0052598,0.005264,34939.23,1617155999999.0,185.26931478,13488.0,19609.74,103.91909247,0.0
2021-03-30 22:39:27.772511848,721,1617156000000.0,0.005264,0.0052648,0.0051542,0.0052318,45201.81,1617159599999.0,235.53259983,17142.0,24228.15,126.17444947,0.0
2021-03-30 23:39:41.042654028,722,1617159600000.0,0.0052325,0.0052327,0.0051176,0.0051436,34720.03,1617163199999.0,179.10272782,16139.0,15630.29,80.59296346,0.0
2021-03-31 00:39:54.312796208,723,1617163200000.0,0.0051434,0.00519,0.0051,0.0051858,26281.75,1617166799999.0,135.39870466,10940.0,14085.89,72.57859726,0.0
2021-03-31 01:40:07.582938388,724,1617166800000.0,0.0051855,0.0052585,0.0051701,0.0052263,27254.54,1617170399999.0,142.08456366,10986.0,12944.49,67.50241932,0.0
2021-03-31 02:40:20.853080568,725,1617170400000.0,0.0052263,0.0052284,0.00515,0.0051549,29031.44,1617173999999.0,150.60788678,13305.0,17270.95,89.59065464,0.0
2021-03-31 03:40:34.123222749,726,1617174000000.0,0.0051549,0.0052224,0.0051501,0.005199,33654.57,1617177599999.0,174.8382623,14429.0,18717.3,97.22966106,0.0
2021-03-31 04:40:47.393364929,727,1617177600000.0,0.0051948,0.0052017,0.0050069,0.0051483,79762.43,1617181199999.0,407.74768532,31166.0,37276.72,190.58198881,0.0
2021-03-31 05:41:00.663507109,728,1617181200000.0,0.0051477,0.0051477,0.0051123,0.0051209,16885.72,1617184799999.0,86.59894283,8743.0,7783.67,39.92565588,0.0
2021-03-31 06:41:13.933649289,729,1617184800000.0,0.0051206,0.005142,0.0050199,0.0051144,43617.73,1617188399999.0,222.05612222,17844.0,18801.45,95.79781852,0.0
2021-03-31 07:41:27.203791469,730,1617188400000.0,0.0051143,0.0051517,0.0051086,0.005149,20095.66,1617191999999.0,103.18312873,10210.0,10320.85,53.02813346,0.0
2021-03-31 08:41:40.473933649,731,1617192000000.0,0.0051483,0.0052154,0.0051235,0.0052138,22167.35,1617195599999.0,114.53749116,12170.0,12094.78,62.4957914,0.0
2021-03-31 09:41:53.744075829,732,1617195600000.0,0.0052115,0.0052578,0.0051885,0.0052489,35178.05,1617199199999.0,183.83046905,13946.0,17830.21,93.2148502,0.0
2021-03-31 10:42:07.014218009,733,1617199200000.0,0.0052488,0.0052578,0.0051982,0.0052029,17045.13,1617202799999.0,89.1837194,9980.0,9624.34,50.35758812,0.0
2021-03-31 11:42:20.284360189,734,1617202800000.0,0.0052029,0.005216,0.0051611,0.0051687,23918.06,1617206399999.0,124.00044774,11962.0,12814.09,66.40060422,0.0
2021-03-31 12:42:33.554502369,735,1617206400000.0,0.0051685,0.0051807,0.0051051,0.0051446,30849.44,1617209999999.0,158.65598194,14981.0,15168.46,78.01379825,0.0
2021-03-31 13:42:46.824644549,736,1617210000000.0,0.005145,0.0051667,0.0051202,0.0051374,13892.52,1617213599999.0,71.46055199,9625.0,6331.8,32.56910237,0.0
2021-03-31 14:43:00.094786730,737,1617213600000.0,0.0051374,0.0051639,0.0051004,0.0051552,28959.92,1617217199999.0,148.60660405,12459.0,14082.23,72.35016102,0.0
2021-03-31 15:43:13.364928910,738,1617217200000.0,0.0051555,0.0051588,0.005067,0.0051445,33783.52,1617220799999.0,172.84065578,15957.0,14121.45,72.30724725,0.0
2021-03-31 16:43:26.635071090,739,1617220800000.0,0.0051415,0.0051531,0.0050926,0.0050954,12694.95,1617224399999.0,65.14647196,10624.0,7236.16,37.14352372,0.0
2021-03-31 17:43:39.905213270,740,1617224400000.0,0.0050953,0.0051185,0.0050355,0.0050917,31335.98,1617227999999.0,159.21808572,13587.0,16234.59,82.52654911,0.0
2021-03-31 18:43:53.175355450,741,1617228000000.0,0.0050917,0.0051183,0.0050818,0.0051043,13045.25,1617231599999.0,66.60692618,7589.0,5534.35,28.25057986,0.0
2021-03-31 19:44:06.445497630,742,1617231600000.0,0.0051049,0.0051592,0.0051025,0.0051487,14212.75,1617235199999.0,72.92441743,8239.0,8455.89,43.36799911,0.0
2021-03-31 20:44:19.715639810,743,1617235200000.0,0.0051493,0.00516,0.0051059,0.005144,11603.5,1617238799999.0,59.56296674,8637.0,6132.56,31.48162711,0.0
2021-03-31 21:44:32.985781990,744,1617238800000.0,0.005144,0.0052,0.0051168,0.0051783,16993.47,1617242399999.0,87.68808468,10098.0,9707.85,50.09206007,0.0
2021-03-31 22:44:46.255924170,745,1617242400000.0,0.00518,0.0052117,0.005171,0.005203,20730.49,1617245999999.0,107.73509491,8374.0,8138.99,42.29049741,0.0
2021-03-31 23:44:59.526066350,746,1617246000000.0,0.0052034,0.0052103,0.0051573,0.0051853,11016.23,1617249599999.0,57.11596523,6575.0,5537.77,28.72015853,0.0
2021-04-01 00:45:12.796208531,747,1617249600000.0,0.005188,0.0052186,0.0051826,0.0052054,11725.39,1617253199999.0,60.95619,6366.0,6758.96,35.14271074,0.0
2021-04-01 01:45:26.066350711,748,1617253200000.0,0.0052054,0.005214,0.0051882,0.0051896,15753.85,1617256799999.0,81.94380993,5826.0,7752.75,40.32354051,0.0
2021-04-01 02:45:39.336492891,749,1617256800000.0,0.0051915,0.0053238,0.0051892,0.0052826,61272.16,1617260399999.0,321.86603447,18867.0,25226.0,132.62369066,0.0
2021-04-01 03:45:52.606635071,750,1617260400000.0,0.0052819,0.0053501,0.005249,0.0053255,42289.66,1617263999999.0,224.63750275,17197.0,19248.31,102.28029702,0.0
2021-04-01 04:46:05.876777251,751,1617264000000.0,0.0053254,0.0054009,0.0053076,0.0053645,47788.34,1617267599999.0,256.51884521,21410.0,25965.0,139.44836716,0.0
2021-04-01 05:46:19.146919431,752,1617267600000.0,0.0053632,0.005385,0.0053428,0.0053462,20488.97,1617271199999.0,110.01801813,10821.0,11753.03,63.09673695,0.0
2021-04-01 06:46:32.417061611,753,1617271200000.0,0.0053462,0.00543,0.0053435,0.0054026,30896.44,1617274799999.0,166.72567301,14213.0,18886.22,101.9448993,0.0
2021-04-01 07:46:45.687203791,754,1617274800000.0,0.0054026,0.0054046,0.0053339,0.0053542,22753.96,1617278399999.0,122.14637206,12655.0,13638.25,73.2159921,0.0
2021-04-01 08:46:58.957345971,755,1617278400000.0,0.0053541,0.0053947,0.0053453,0.005372,18119.49,1617281999999.0,97.35865677,9633.0,8727.41,46.89248311,0.0
2021-04-01 09:47:12.227488151,756,1617282000000.0,0.005372,0.0055,0.0053566,0.0054429,66088.81,1617285599999.0,359.83462404,22508.0,28959.07,157.67980376,0.0
2021-04-01 10:47:25.497630331,757,1617285600000.0,0.005444,0.0056,0.0054325,0.0055578,60652.14,1617289199999.0,335.37245809,21762.0,32794.75,181.51468199,0.0
2021-04-01 11:47:38.767772512,758,1617289200000.0,0.0055579,0.0056,0.0054982,0.005555,51371.89,1617292799999.0,285.16551308,20763.0,23957.25,133.00626432,0.0
2021-04-01 12:47:52.037914692,759,1617292800000.0,0.0055539,0.005584,0.0055374,0.0055459,19238.46,1617296399999.0,106.95468039,11524.0,9529.71,52.9850844,0.0
2021-04-01 13:48:05.308056872,760,1617296400000.0,0.0055452,0.0055804,0.0054572,0.0055039,38330.39,1617299999999.0,211.87808709,16466.0,17063.12,94.30719595,0.0
2021-04-01 14:48:18.578199052,761,1617300000000.0,0.0055044,0.0055832,0.00544,0.0055825,46634.32,1617303599999.0,256.72883696,21165.0,22139.76,121.96260986,0.0
2021-04-01 15:48:31.848341232,762,1617303600000.0,0.0055824,0.0056,0.0055126,0.0055679,45640.37,1617307199999.0,254.11483396,18183.0,21220.53,118.25594834,0.0
2021-04-01 16:48:45.118483412,763,1617307200000.0,0.0055677,0.0055996,0.0055642,0.0055867,32320.81,1617310799999.0,180.5185267,13172.0,16555.83,92.48384308,0.0
2021-04-01 17:48:58.388625592,764,1617310800000.0,0.0055878,0.0056692,0.0055637,0.005649,50602.02,1617314399999.0,284.72669203,18853.0,30773.32,173.09933759,0.0
2021-04-01 18:49:11.658767772,765,1617314400000.0,0.005649,0.00572,0.0056085,0.0056968,30116.51,1617317999999.0,170.45485616,15324.0,15259.43,86.38047823,0.0
2021-04-01 19:49:24.928909952,766,1617318000000.0,0.0056957,0.0057539,0.0056857,0.0056989,40507.29,1617321599999.0,231.86437438,15969.0,21054.17,120.53237046,0.0
2021-04-01 20:49:38.199052132,767,1617321600000.0,0.0057009,0.005959,0.0057007,0.0059559,97927.75,1617325199999.0,573.48019432,29927.0,58598.44,343.2765782,0.0
2021-04-01 21:49:51.469194313,768,1617325200000.0,0.0059555,0.0060631,0.0058604,0.005897,116606.72,1617328799999.0,692.5937532,41426.0,63337.67,375.90074677,0.0
2021-04-01 22:50:04.739336493,769,1617328800000.0,0.0058974,0.0059,0.005677,0.0057583,105238.44,1617332399999.0,607.52923018,33605.0,57490.6,331.79450511,0.0
2021-04-01 23:50:18.009478673,770,1617332400000.0,0.0057577,0.0057758,0.0057127,0.0057427,33126.08,1617335999999.0,190.2500236,12778.0,14491.15,83.20593921,0.0
2021-04-02 00:50:31.279620853,771,1617336000000.0,0.0057448,0.0058301,0.0057164,0.0057827,31056.39,1617339599999.0,179.20940369,13444.0,14929.63,86.20779242,0.0
2021-04-02 01:50:44.549763033,772,1617339600000.0,0.0057829,0.0059511,0.0057812,0.0059235,59043.48,1617343199999.0,347.74007789,23280.0,29544.59,174.10616086,0.0
2021-04-02 02:50:57.819905213,773,1617343200000.0,0.0059236,0.0059983,0.0058792,0.0059163,73183.67,1617346799999.0,433.78475991,27180.0,50158.64,297.26941385,0.0
2021-04-02 03:51:11.090047393,774,1617346800000.0,0.0059163,0.0059457,0.0058738,0.0059145,27807.1,1617350399999.0,164.36115001,15295.0,17839.1,105.44278038,0.0
2021-04-02 04:51:24.360189573,775,1617350400000.0,0.0059143,0.0059697,0.00591,0.0059193,23653.48,1617353999999.0,140.39344644,15459.0,14161.91,84.05788951,0.0
2021-04-02 05:51:37.630331753,776,1617354000000.0,0.0059194,0.0059317,0.005808,0.0058807,35048.86,1617357599999.0,205.59106624,18536.0,14895.6,87.3876457,0.0
2021-04-02 06:51:50.900473933,777,1617357600000.0,0.0058813,0.0058875,0.005832,0.0058339,17312.07,1617361199999.0,101.47700759,11096.0,8958.72,52.51218885,0.0
2021-04-02 07:52:04.170616113,778,1617361200000.0,0.005833,0.0058631,0.0058097,0.005826,16983.48,1617364799999.0,99.16205112,10350.0,8707.94,50.84535663,0.0
2021-04-02 08:52:17.440758294,779,1617364800000.0,0.0058247,0.0058261,0.00571,0.0058206,36687.09,1617368399999.0,212.04585753,17568.0,16887.22,97.59534691,0.0
2021-04-02 09:52:30.710900474,780,1617368400000.0,0.0058196,0.005869,0.0057906,0.0058358,30449.93,1617371999999.0,177.58799129,14071.0,16625.52,96.92074698,0.0
2021-04-02 10:52:43.981042654,781,1617372000000.0,0.0058361,0.0059494,0.0058218,0.0058839,51465.47,1617375599999.0,303.63747508,19708.0,27090.23,159.62950741,0.0
2021-04-02 11:52:57.251184834,782,1617375600000.0,0.0058844,0.0058844,0.0058097,0.0058331,30938.68,1617379199999.0,180.76130122,14915.0,16550.97,96.6962304,0.0
2021-04-02 12:53:10.521327014,783,1617379200000.0,0.005833,0.0058448,0.0057676,0.0057811,32211.76,1617382799999.0,186.8016519,14290.0,16363.56,94.87004957,0.0
2021-04-02 13:53:23.791469194,784,1617382800000.0,0.0057812,0.0057966,0.0056786,0.0056965,40724.82,1617386399999.0,233.44894812,17405.0,20769.44,119.00772156,0.0
2021-04-02 14:53:37.061611374,785,1617386400000.0,0.0056957,0.0057626,0.0056252,0.0056657,28707.34,1617389999999.0,163.45966988,17020.0,15142.35,86.27243368,0.0
2021-04-02 15:53:50.331753554,786,1617390000000.0,0.005666,0.005744,0.0055573,0.0057357,38865.48,1617393599999.0,219.58659356,19549.0,17146.62,96.9745787,0.0
2021-04-02 16:54:03.601895734,787,1617393600000.0,0.0057349,0.005814,0.0057252,0.0058095,29001.78,1617397199999.0,167.43075707,13852.0,15388.76,88.81237953,0.0
2021-04-02 17:54:16.872037914,788,1617397200000.0,0.0058121,0.0058125,0.0057294,0.0057366,12724.03,1617400799999.0,73.34137089,9782.0,6541.71,37.71213471,0.0
2021-04-02 18:54:30.142180094,789,1617400800000.0,0.0057367,0.0057619,0.005645,0.0056523,31439.51,1617404399999.0,179.18632251,10601.0,17112.44,97.45901282,0.0
2021-04-02 19:54:43.412322275,790,1617404400000.0,0.0056494,0.0057384,0.0056226,0.0057378,27643.26,1617407999999.0,156.97632979,12330.0,15012.42,85.23407609,0.0
2021-04-02 20:54:56.682464455,791,1617408000000.0,0.0057369,0.0058488,0.0057243,0.0057932,37702.35,1617411599999.0,218.46287184,15990.0,20684.6,119.86917729,0.0
2021-04-02 21:55:09.952606635,792,1617411600000.0,0.0057932,0.0058054,0.0056643,0.0057118,27638.84,1617415199999.0,158.13980694,11527.0,14670.15,83.85148238,0.0
2021-04-02 22:55:23.222748815,793,1617415200000.0,0.0057108,0.0057571,0.0056671,0.0057104,26497.77,1617418799999.0,151.26031167,11751.0,14580.02,83.23790413,0.0
2021-04-02 23:55:36.492890995,794,1617418800000.0,0.0057118,0.005729,0.0056877,0.0057241,16507.84,1617422399999.0,94.22536418,5844.0,7797.42,44.51020927,0.0
2021-04-03 00:55:49.763033175,795,1617422400000.0,0.0057239,0.0057722,0.0057205,0.0057559,17464.21,1617425999999.0,100.43554043,7542.0,8169.81,46.98082915,0.0
2021-04-03 01:56:03.033175355,796,1617426000000.0,0.0057555,0.005766,0.0057249,0.0057414,18345.24,1617429599999.0,105.43438405,8214.0,9542.25,54.85612728,0.0
2021-04-03 02:56:16.303317535,797,1617429600000.0,0.0057404,0.00581,0.0057353,0.005798,15989.35,1617433199999.0,92.35678144,8958.0,8431.18,48.68338137,0.0
2021-04-03 03:56:29.573459715,798,1617433200000.0,0.0058,0.0058063,0.0057726,0.0057791,18969.76,1617436799999.0,109.8148195,9011.0,7335.14,42.4776288,0.0
2021-04-03 04:56:42.843601895,799,1617436800000.0,0.005779,0.0058129,0.005742,0.0057601,35505.69,1617440399999.0,204.87669597,14055.0,14525.95,83.81073906,0.0
2021-04-03 05:56:56.113744076,800,1617440400000.0,0.0057608,0.0057698,0.00572,0.0057377,15130.68,1617443999999.0,86.90385243,11791.0,7628.66,43.82218205,0.0
2021-04-03 06:57:09.383886256,801,1617444000000.0,0.0057377,0.0057687,0.0057208,0.0057676,12815.91,1617447599999.0,73.60822369,11013.0,6227.64,35.77295949,0.0
2021-04-03 07:57:22.654028436,802,1617447600000.0,0.0057672,0.0058397,0.0057637,0.0058371,18774.47,1617451199999.0,109.03151696,13110.0,11179.04,64.93250392,0.0
2021-04-03 08:57:35.924170616,803,1617451200000.0,0.005839,0.0058885,0.0058207,0.005887,32103.67,1617454799999.0,187.97305993,16174.0,13801.69,80.77891847,0.0
2021-04-03 09:57:49.194312796,804,1617454800000.0,0.005887,0.0058878,0.0058242,0.0058336,21731.72,1617458399999.0,127.23504294,14057.0,8167.71,47.81974799,0.0
2021-04-03 10:58:02.464454976,805,1617458400000.0,0.0058336,0.0058515,0.0057827,0.0057922,20931.64,1617461999999.0,121.87190627,12694.0,7490.71,43.64694894,0.0
2021-04-03 11:58:15.734597156,806,1617462000000.0,0.0057922,0.0058277,0.005759,0.0057614,16972.46,1617465599999.0,98.41096818,13763.0,8210.27,47.6155889,0.0
2021-04-03 12:58:29.004739336,807,1617465600000.0,0.0057615,0.0058136,0.0057481,0.0057661,18203.73,1617469199999.0,105.30379057,13024.0,9287.4,53.7211734,0.0
2021-04-03 13:58:42.274881516,808,1617469200000.0,0.0057622,0.0057636,0.00567,0.0056871,46357.79,1617472799999.0,264.53910029,20802.0,26797.07,152.90899391,0.0
2021-04-03 14:58:55.545023696,809,1617472800000.0,0.0056871,0.0057554,0.0056019,0.0057551,40984.47,1617476399999.0,232.46435113,19946.0,25919.58,146.91042144,0.0
2021-04-03 15:59:08.815165876,810,1617476400000.0,0.0057552,0.0057665,0.0057112,0.0057427,15508.59,1617479999999.0,89.07404407,11702.0,7601.14,43.67938513,0.0
2021-04-03 16:59:22.085308057,811,1617480000000.0,0.005742,0.0057436,0.0056501,0.0056687,18769.74,1617483599999.0,106.95362821,12004.0,9942.79,56.67779775,0.0
2021-04-03 17:59:35.355450237,812,1617483600000.0,0.0056693,0.0056927,0.0055839,0.0056057,41676.17,1617487199999.0,234.745241,17194.0,18062.49,101.76498145,0.0
2021-04-03 18:59:48.625592417,813,1617487200000.0,0.005605,0.0056441,0.0055131,0.0056343,44051.88,1617490799999.0,245.52128736,22086.0,21201.6,118.24823973,0.0
2021-04-03 20:00:01.895734597,814,1617490800000.0,0.0056343,0.0056608,0.0055926,0.0056437,22064.76,1617494399999.0,124.35221204,11208.0,11044.19,62.25762868,0.0
2021-04-03 21:00:15.165876777,815,1617494400000.0,0.0056436,0.0057092,0.0055947,0.0056961,48149.9,1617497999999.0,272.88461522,15101.0,23751.2,134.63423381,0.0
2021-04-03 22:00:28.436018957,816,1617498000000.0,0.0057002,0.0057626,0.0056784,0.0057566,35801.2,1617501599999.0,204.92987099,11073.0,19635.31,112.42637377,0.0
2021-04-03 23:00:41.706161137,817,1617501600000.0,0.0057566,0.005842,0.0057562,0.0058143,42781.96,1617505199999.0,248.57421775,12897.0,21447.07,124.57107154,0.0
2021-04-04 00:00:54.976303317,818,1617505200000.0,0.0058142,0.0058176,0.0057692,0.005809,21765.99,1617508799999.0,126.09343808,6894.0,11029.11,63.89565548,0.0
2021-04-04 01:01:08.246445497,819,1617508800000.0,0.0058092,0.0058157,0.00576,0.0057781,25143.61,1617512399999.0,145.47983313,7512.0,10740.28,62.14142865,0.0
2021-04-04 02:01:21.516587677,820,1617512400000.0,0.0057781,0.0058156,0.0057767,0.0058058,12266.27,1617515999999.0,71.09364614,6628.0,6367.76,36.90269012,0.0
2021-04-04 03:01:34.786729858,821,1617516000000.0,0.0058058,0.005827,0.0057871,0.0058263,11594.81,1617519599999.0,67.40209659,7839.0,6124.13,35.60949909,0.0
2021-04-04 04:01:48.056872038,822,1617519600000.0,0.0058262,0.0058722,0.0058251,0.0058441,22712.56,1617523199999.0,132.9301504,13177.0,13800.21,80.78047878,0.0
2021-04-04 05:02:01.327014218,823,1617523200000.0,0.005843,0.0059257,0.0058368,0.0059117,25914.77,1617526799999.0,152.49857894,14059.0,16399.59,96.52233087,0.0
2021-04-04 06:02:14.597156398,824,1617526800000.0,0.0059117,0.005997,0.0059116,0.0059923,27191.66,1617530399999.0,162.1621758,16886.0,16667.39,99.42838804,0.0
2021-04-04 07:02:27.867298578,825,1617530400000.0,0.0059935,0.0059999,0.0059233,0.0059243,15812.99,1617533999999.0,94.26334891,12570.0,8354.84,49.82104474,0.0
2021-04-04 08:02:41.137440758,826,1617534000000.0,0.0059253,0.0059291,0.0058743,0.0058966,16903.3,1617537599999.0,99.84810911,11394.0,8228.02,48.61408911,0.0
2021-04-04 09:02:54.407582938,827,1617537600000.0,0.0058976,0.00592,0.0058538,0.0058969,16319.45,1617541199999.0,96.04791637,10763.0,8059.19,47.44451506,0.0
2021-04-04 10:03:07.677725118,828,1617541200000.0,0.0058969,0.0059355,0.0058956,0.0059113,15992.5,1617544799999.0,94.67857556,10687.0,6949.66,41.13711566,0.0
2021-04-04 11:03:20.947867298,829,1617544800000.0,0.0059114,0.0059653,0.005907,0.0059363,17237.44,1617548399999.0,102.30282161,12323.0,8276.29,49.12167746,0.0
2021-04-04 12:03:34.218009478,830,1617548400000.0,0.0059352,0.0059755,0.0059157,0.0059433,28005.75,1617551999999.0,166.45218536,18074.0,14263.1,84.79761955,0.0
2021-04-04 13:03:47.488151658,831,1617552000000.0,0.0059446,0.0059755,0.0059387,0.005952,20828.5,1617555599999.0,123.98317151,16670.0,11568.32,68.86007948,0.0
2021-04-04 14:04:00.758293839,832,1617555600000.0,0.0059517,0.0060444,0.0059512,0.0060236,40025.78,1617559199999.0,240.3544807,21696.0,22138.6,132.92880933,0.0
2021-04-04 15:04:14.028436019,833,1617559200000.0,0.0060252,0.0060362,0.0059818,0.005985,28348.17,1617562799999.0,170.54009632,16011.0,10437.32,62.76557848,0.0
2021-04-04 16:04:27.298578199,834,1617562800000.0,0.005985,0.0059998,0.0059272,0.0059936,24515.97,1617566399999.0,146.14555427,16343.0,13688.22,81.5789181,0.0
2021-04-04 17:04:40.568720379,835,1617566400000.0,0.0059936,0.0060638,0.00598,0.0060627,30065.22,1617569999999.0,181.12962256,16425.0,12425.88,74.8882289,0.0
2021-04-04 18:04:53.838862559,836,1617570000000.0,0.006062,0.0060743,0.0060053,0.0060433,21017.78,1617573599999.0,127.02601909,13992.0,10175.23,61.47271495,0.0
2021-04-04 19:05:07.109004739,837,1617573600000.0,0.0060433,0.0060611,0.005952,0.0059845,27481.95,1617577199999.0,164.86968334,13766.0,13261.93,79.52180514,0.0
2021-04-04 20:05:20.379146919,838,1617577200000.0,0.0059842,0.006017,0.0059749,0.0059976,45103.04,1617580799999.0,270.4775933,11047.0,37744.83,226.34819641,0.0
2021-04-04 21:05:33.649289099,839,1617580800000.0,0.0059973,0.0060132,0.0059424,0.00595,26991.94,1617584399999.0,161.43522225,13307.0,13847.49,82.82783449,0.0
2021-04-04 22:05:46.919431279,840,1617584400000.0,0.0059495,0.0059816,0.0059125,0.0059658,21343.28,1617587999999.0,127.0887739,11483.0,10532.13,62.70836674,0.0
2021-04-04 23:06:00.189573459,841,1617588000000.0,0.0059659,0.006023,0.0059389,0.0060075,23418.02,1617591599999.0,140.20013767,8894.0,10293.21,61.63550485,0.0
2021-04-05 00:06:13.459715640,842,1617591600000.0,0.0060077,0.0060192,0.0059953,0.0060026,17616.28,1617595199999.0,105.79952186,7064.0,8541.67,51.30027319,0.0
2021-04-05 01:06:26.729857820,843,1617595200000.0,0.0060025,0.0060335,0.0059886,0.006021,16794.62,1617598799999.0,100.96251712,8969.0,7969.83,47.91334211,0.0
2021-04-05 02:06:40.000000000,844,1617598800000.0,0.0060208,0.0060453,0.0059157,0.0059237,31906.8,1617602399999.0,190.93667127,13092.0,13538.9,81.11966653,0.0
2021-04-05 03:06:53.270142180,845,1617602400000.0,0.0059232,0.0059624,0.0059043,0.0059118,25230.69,1617605999999.0,149.69068451,13453.0,15273.34,90.63514249,0.0
2021-04-05 04:07:06.540284360,846,1617606000000.0,0.0059113,0.0059666,0.0059026,0.0059464,20435.43,1617609599999.0,121.43418223,11330.0,11049.72,65.68980643,0.0
2021-04-05 05:07:19.810426540,847,1617609600000.0,0.0059464,0.0059683,0.005932,0.005965,16734.94,1617613199999.0,99.51410222,9940.0,10635.59,63.22003495,0.0
2021-04-05 06:07:33.080568720,848,1617613200000.0,0.0059651,0.006094,0.0059535,0.0060517,42846.4,1617616799999.0,258.53514245,20904.0,23195.84,139.91891477,0.0
2021-04-05 07:07:46.350710900,849,1617616800000.0,0.0060536,0.0062474,0.0060391,0.0062425,55573.56,1617620399999.0,340.22315468,23326.0,24282.31,148.97448395,0.0
2021-04-05 08:07:59.620853080,850,1617620400000.0,0.0062475,0.0063708,0.00622,0.0062891,85790.38,1617623999999.0,539.56773976,36617.0,47318.6,297.59714175,0.0
2021-04-05 09:08:12.890995260,851,1617624000000.0,0.0062904,0.00631,0.0062093,0.0062859,53738.87,1617627599999.0,336.67387766,22099.0,26297.52,164.65191558,0.0
2021-04-05 10:08:26.161137440,852,1617627600000.0,0.0062866,0.00645,0.0062865,0.0064428,81263.3,1617631199999.0,517.80006927,31145.0,42654.01,271.74132159,0.0
2021-04-05 11:08:39.431279621,853,1617631200000.0,0.0064422,0.0064888,0.0063146,0.0063317,77263.92,1617634799999.0,495.56998882,33122.0,43428.56,278.68459352,0.0
2021-04-05 12:08:52.701421801,854,1617634800000.0,0.0063316,0.006392,0.0062776,0.0063919,41060.33,1617638399999.0,259.80865521,21042.0,23441.35,148.3832788,0.0
2021-04-05 13:09:05.971563981,855,1617638400000.0,0.0063914,0.0064,0.0063074,0.0063271,43040.59,1617641999999.0,273.01685198,23476.0,24373.64,154.58006949,0.0
2021-04-05 14:09:19.241706161,856,1617642000000.0,0.0063283,0.0063561,0.0062519,0.0063523,23985.05,1617645599999.0,151.32742486,16831.0,12021.05,75.87954023,0.0
2021-04-05 15:09:32.511848341,857,1617645600000.0,0.0063523,0.0063575,0.0062698,0.0063055,26543.94,1617649199999.0,167.33853737,14240.0,10619.28,67.02386185,0.0
2021-04-05 16:09:45.781990521,858,1617649200000.0,0.0063055,0.0063694,0.0063054,0.006333,19189.99,1617652799999.0,121.71428503,14073.0,10438.28,66.20257601,0.0
2021-04-05 17:09:59.052132701,859,1617652800000.0,0.0063331,0.006396,0.0063282,0.0063763,29467.06,1617656399999.0,187.48900164,13842.0,14862.43,94.48588475,0.0
2021-04-05 18:10:12.322274881,860,1617656400000.0,0.0063763,0.0064046,0.006314,0.0063366,22324.23,1617659999999.0,141.97172536,14303.0,12380.24,78.77657243,0.0
2021-04-05 19:10:25.592417061,861,1617660000000.0,0.0063363,0.0063496,0.0062854,0.0063054,17978.1,1617663599999.0,113.50228931,12221.0,8755.56,55.26585747,0.0
2021-04-05 20:10:38.862559241,862,1617663600000.0,0.0063065,0.0063087,0.0062005,0.0062251,36442.67,1617667199999.0,227.96455338,13916.0,18603.85,116.41482022,0.0
2021-04-05 21:10:52.132701421,863,1617667200000.0,0.0062264,0.006307,0.0061857,0.0062927,36664.02,1617670799999.0,228.45741318,13919.0,20858.21,130.07260809,0.0
2021-04-05 22:11:05.402843602,864,1617670800000.0,0.0062928,0.0063,0.0061818,0.0062106,38222.43,1617674399999.0,238.24570649,12953.0,18804.56,117.12075732,0.0
2021-04-05 23:11:18.672985782,865,1617674400000.0,0.0062074,0.0062827,0.0061983,0.0062799,25388.19,1617677999999.0,158.50741559,9864.0,13259.23,82.78490379,0.0
2021-04-06 00:11:31.943127962,866,1617678000000.0,0.0062795,0.0063231,0.0062723,0.0063163,47320.37,1617681599999.0,298.02265527,13374.0,17781.06,111.91701122,0.0
2021-04-06 01:11:45.213270142,867,1617681600000.0,0.0063153,0.0064063,0.0062918,0.0063685,43285.58,1617685199999.0,275.76477587,16105.0,18555.62,118.24332839,0.0
2021-04-06 02:11:58.483412322,868,1617685200000.0,0.0063682,0.0065984,0.0063586,0.0065786,69015.55,1617688799999.0,448.01270793,26256.0,45917.68,298.01325276,0.0
2021-04-06 03:12:11.753554502,869,1617688800000.0,0.0065785,0.0065803,0.006422,0.0064564,35937.8,1617692399999.0,233.36715532,18700.0,18750.25,121.7772087,0.0
2021-04-06 04:12:25.023696682,870,1617692400000.0,0.0064563,0.006488,0.0064077,0.0064319,34283.09,1617695999999.0,220.8149461,17038.0,20744.58,133.61115633,0.0
2021-04-06 05:12:38.293838862,871,1617696000000.0,0.0064319,0.0065485,0.0064265,0.0064782,47509.88,1617699599999.0,308.68422146,22736.0,24524.99,159.33575044,0.0
2021-04-06 06:12:51.563981042,872,1617699600000.0,0.006478,0.0066,0.0064472,0.0065879,30736.98,1617703199999.0,201.15346371,17848.0,17062.33,111.66873716,0.0
2021-04-06 07:13:04.834123222,873,1617703200000.0,0.0065879,0.0067544,0.0065413,0.0066423,69031.51,1617706799999.0,459.87044907,29102.0,32915.91,219.00832465,0.0
2021-04-06 08:13:18.104265403,874,1617706800000.0,0.0066428,0.00685,0.0066428,0.0067814,113028.56,1617710399999.0,766.72472371,39757.0,57054.3,387.01091926,0.0
2021-04-06 09:13:31.374407583,875,1617710400000.0,0.0067814,0.0068254,0.0066656,0.0066951,64444.34,1617713999999.0,433.73837814,30776.0,30944.21,208.27810362,0.0
2021-04-06 10:13:44.644549763,876,1617714000000.0,0.0066954,0.0067638,0.0066184,0.0066687,59184.3,1617717599999.0,396.81859042,25069.0,30558.39,205.08154712,0.0
2021-04-06 11:13:57.914691943,877,1617717600000.0,0.0066687,0.006718,0.0065058,0.0066866,111518.98,1617721199999.0,738.81191778,40845.0,52891.06,350.74274099,0.0
2021-04-06 12:14:11.184834123,878,1617721200000.0,0.0066867,0.0067016,0.006629,0.0066838,32598.9,1617724799999.0,217.23309466,19795.0,16895.86,112.60561249,0.0
2021-04-06 13:14:24.454976303,879,1617724800000.0,0.0066838,0.0067706,0.0066758,0.0067401,56309.1,1617728399999.0,379.81526287,25937.0,36572.36,246.70711652,0.0
2021-04-06 14:14:37.725118483,880,1617728400000.0,0.0067388,0.0067897,0.0067042,0.0067605,27391.53,1617731999999.0,184.95821983,16861.0,15234.99,102.86648922,0.0
2021-04-06 15:14:50.995260663,881,1617732000000.0,0.0067605,0.00679,0.0066962,0.0067722,21968.01,1617735599999.0,148.12865149,16096.0,12889.74,86.95925772,0.0
2021-04-06 16:15:04.265402843,882,1617735600000.0,0.006771,0.00684,0.0067381,0.0068344,32183.48,1617739199999.0,218.97909465,17789.0,18571.49,126.36191225,0.0
2021-04-06 17:15:17.535545023,883,1617739200000.0,0.0068343,0.0069568,0.0067786,0.0069441,50881.41,1617742799999.0,349.0569176,22623.0,27484.87,188.5585051,0.0
2021-04-06 18:15:30.805687203,884,1617742800000.0,0.0069441,0.00702,0.006872,0.0069864,86592.1,1617746399999.0,603.29556951,32924.0,52145.63,363.4366126,0.0
2021-04-06 19:15:44.075829384,885,1617746400000.0,0.0069864,0.0070969,0.006962,0.0070468,44436.0,1617749999999.0,312.66901639,20914.0,21637.53,152.25464353,0.0
2021-04-06 20:15:57.345971564,886,1617750000000.0,0.0070466,0.0070606,0.0069414,0.0069545,30508.7,1617753599999.0,213.60923025,17123.0,14699.03,102.9422806,0.0
2021-04-06 21:16:10.616113744,887,1617753600000.0,0.0069535,0.006987,0.0068085,0.0068418,47828.97,1617757199999.0,329.41270186,20472.0,24740.48,170.34105405,0.0
2021-04-06 22:16:23.886255924,888,1617757200000.0,0.0068402,0.0071032,0.0068184,0.00708,56781.68,1617760799999.0,397.86607961,22205.0,28439.35,199.31042605,0.0
2021-04-06 23:16:37.156398104,889,1617760800000.0,0.0070823,0.0070848,0.0069871,0.0070259,45510.04,1617764399999.0,319.85759907,14377.0,23164.38,162.74151783,0.0
2021-04-07 00:16:50.426540284,890,1617764400000.0,0.0070259,0.0070343,0.0069129,0.0069393,38395.37,1617767999999.0,267.86764496,13554.0,22220.03,155.01677365,0.0
2021-04-07 01:17:03.696682464,891,1617768000000.0,0.00694,0.007033,0.00687,0.0070297,54526.7,1617771599999.0,378.01582225,23450.0,31914.67,221.30933698,0.0
2021-04-07 02:17:16.966824644,892,1617771600000.0,0.00703,0.0070496,0.0069749,0.0070103,33248.32,1617775199999.0,233.14766759,17470.0,15327.97,107.46312746,0.0
2021-04-07 03:17:30.236966824,893,1617775200000.0,0.0070092,0.0071,0.0069959,0.0070626,49721.54,1617778799999.0,351.27104858,21888.0,22630.11,159.84980282,0.0
2021-04-07 04:17:43.507109004,894,1617778800000.0,0.007062,0.0070792,0.006949,0.0069804,51605.75,1617782399999.0,361.82043871,26318.0,25892.81,181.55295662,0.0
2021-04-07 05:17:56.777251185,895,1617782400000.0,0.0069823,0.006998,0.0068393,0.0068412,52532.94,1617785999999.0,363.4242769,22950.0,27319.42,188.91499006,0.0
2021-04-07 06:18:10.047393365,896,1617786000000.0,0.006841,0.0068919,0.0067192,0.0068042,73266.07,1617789599999.0,498.86977341,29926.0,38381.32,261.31392216,0.0
2021-04-07 07:18:23.317535545,897,1617789600000.0,0.0068046,0.00685,0.0064937,0.0065343,121146.82,1617793199999.0,804.2673719,41874.0,54150.89,360.09393794,0.0
2021-04-07 08:18:36.587677725,898,1617793200000.0,0.0065365,0.0066359,0.0063714,0.0065896,146597.9,1617796799999.0,954.28326623,51899.0,72689.68,473.43022218,0.0
2021-04-07 09:18:49.857819905,899,1617796800000.0,0.0065877,0.0066917,0.0064107,0.0066095,78925.01,1617800399999.0,517.82204507,37732.0,42133.08,276.73725386,0.0
2021-04-07 10:19:03.127962085,900,1617800400000.0,0.0066101,0.0068764,0.0065794,0.0068005,97617.2,1617803999999.0,661.69565809,41038.0,52570.24,356.356698,0.0
2021-04-07 11:19:16.398104265,901,1617804000000.0,0.0068034,0.0068254,0.0067229,0.0067633,37391.0,1617807599999.0,253.4491655,19247.0,20957.76,142.08111534,0.0
2021-04-07 12:19:29.668246445,902,1617807600000.0,0.006763,0.0067893,0.0066125,0.00663,36083.46,1617811199999.0,241.64561005,18614.0,17801.19,119.29013741,0.0
2021-04-07 13:19:42.938388625,903,1617811200000.0,0.0066346,0.006814,0.0065889,0.0067859,38809.81,1617814799999.0,261.49886436,18678.0,15742.23,106.07366326,0.0
2021-04-07 14:19:56.208530805,904,1617814800000.0,0.0067861,0.0067879,0.0066219,0.0066582,25520.11,1617818399999.0,170.86016031,18342.0,12316.27,82.4885605,0.0
2021-04-07 15:20:09.478672985,905,1617818400000.0,0.006658,0.0067383,0.0066325,0.0066325,28363.35,1617821999999.0,189.56394182,16462.0,16997.82,113.65507909,0.0
2021-04-07 16:20:22.748815166,906,1617822000000.0,0.006633,0.0067164,0.0065624,0.0066938,29795.96,1617825599999.0,197.33153695,18096.0,17009.61,112.64884608,0.0
2021-04-07 17:20:36.018957346,907,1617825600000.0,0.0066935,0.0067198,0.0066261,0.006716,18298.09,1617829199999.0,122.16946542,12643.0,9684.39,64.69746703,0.0
2021-04-07 18:20:49.289099526,908,1617829200000.0,0.0067148,0.0068065,0.0067,0.0067637,25912.78,1617832799999.0,175.01846741,13099.0,9587.95,64.81063273,0.0
2021-04-07 19:21:02.559241706,909,1617832800000.0,0.0067633,0.0068279,0.0067415,0.006819,15069.68,1617836399999.0,102.4055814,9764.0,6906.1,46.96578379,0.0
2021-04-07 20:21:15.829383886,910,1617836400000.0,0.0068185,0.0068207,0.006686,0.0067051,15251.74,1617839999999.0,103.1229725,10500.0,7195.45,48.66869692,0.0
2021-04-07 21:21:29.099526066,911,1617840000000.0,0.0067077,0.0068492,0.0066776,0.0068158,32113.3,1617843599999.0,217.18814188,14570.0,18933.21,127.90848078,0.0
2021-04-07 22:21:42.369668246,912,1617843600000.0,0.006816,0.0068703,0.0068001,0.0068175,21787.36,1617847199999.0,148.96473636,9163.0,11555.17,79.00836057,0.0
2021-04-07 23:21:55.639810426,913,1617847200000.0,0.0068173,0.006915,0.0068173,0.0068655,24710.67,1617850799999.0,169.9746783,10378.0,13236.16,91.06960942,0.0
2021-04-08 00:22:08.909952606,914,1617850800000.0,0.0068658,0.0070172,0.0068474,0.007017,30451.09,1617854399999.0,211.32844393,14473.0,17846.73,123.89057008,0.0
2021-04-08 01:22:22.180094786,915,1617854400000.0,0.0070169,0.0070908,0.0069916,0.0070307,36735.13,1617857999999.0,258.54906491,14128.0,17385.6,122.31479807,0.0
2021-04-08 02:22:35.450236967,916,1617858000000.0,0.0070299,0.0070999,0.0069262,0.0069648,38874.58,1617861599999.0,272.38510064,16043.0,18603.36,130.35025885,0.0
2021-04-08 03:22:48.720379147,917,1617861600000.0,0.0069649,0.00705,0.0069558,0.0070292,32088.86,1617865199999.0,225.07851921,13328.0,15478.12,108.57501091,0.0
2021-04-08 04:23:01.990521327,918,1617865200000.0,0.0070293,0.0070395,0.006966,0.0069789,31332.94,1617868799999.0,219.26148884,12874.0,12147.8,84.9885345,0.0
2021-04-08 05:23:15.260663507,919,1617868800000.0,0.0069774,0.0070413,0.0069713,0.0070015,36554.4,1617872399999.0,256.25069872,14171.0,18669.12,130.90620112,0.0
2021-04-08 06:23:28.530805687,920,1617872400000.0,0.007001,0.0071116,0.0070005,0.007045,61379.33,1617875999999.0,433.83131664,19072.0,28378.44,200.56653833,0.0
2021-04-08 07:23:41.800947867,921,1617876000000.0,0.0070455,0.0070559,0.0069333,0.0070311,41135.77,1617879599999.0,288.01563065,17409.0,17271.74,120.96647896,0.0
2021-04-08 08:23:55.071090047,922,1617879600000.0,0.0070311,0.0070485,0.0069714,0.0069915,39417.15,1617883199999.0,276.41697175,12445.0,18921.47,132.67683823,0.0
2021-04-08 09:24:08.341232227,923,1617883200000.0,0.0069915,0.0072,0.0069877,0.0071475,53137.18,1617886799999.0,377.54622969,22411.0,28553.54,203.04240844,0.0
2021-04-08 10:24:21.611374407,924,1617886800000.0,0.0071477,0.0071935,0.00706,0.0071523,56112.47,1617890399999.0,399.76698635,22485.0,27126.98,193.28832332,0.0
2021-04-08 11:24:34.881516587,925,1617890400000.0,0.0071523,0.0072524,0.007132,0.0071937,64941.15,1617893999999.0,467.31943901,25687.0,33338.37,239.89082752,0.0
2021-04-08 12:24:48.151658767,926,1617894000000.0,0.0071932,0.0072865,0.0071932,0.00724,33950.67,1617897599999.0,246.06016098,20159.0,17937.61,130.0273366,0.0
2021-04-08 13:25:01.421800948,927,1617897600000.0,0.0072399,0.0072529,0.0071429,0.0071833,44644.87,1617901199999.0,321.39211905,21291.0,23190.77,166.89267727,0.0
2021-04-08 14:25:14.691943128,928,1617901200000.0,0.0071816,0.0072379,0.0071702,0.0072148,13474.12,1617904799999.0,97.0887687,11402.0,7076.39,50.98300629,0.0
2021-04-08 15:25:27.962085308,929,1617904800000.0,0.0072148,0.0072239,0.0071738,0.007206,15965.73,1617908399999.0,114.84861807,11981.0,9766.48,70.24764363,0.0
2021-04-08 16:25:41.232227488,930,1617908400000.0,0.0072063,0.007295,0.0071715,0.0072809,28819.0,1617911999999.0,208.87470481,17607.0,16602.46,120.36993307,0.0
2021-04-08 17:25:54.502369668,931,1617912000000.0,0.0072801,0.0072852,0.00716,0.0071743,30982.12,1617915599999.0,223.22397154,16457.0,17246.33,124.17113613,0.0
2021-04-08 18:26:07.772511848,932,1617915600000.0,0.0071783,0.0072215,0.0071226,0.0072076,25711.33,1617919199999.0,184.39220887,15360.0,14044.44,100.75481195,0.0
2021-04-08 19:26:21.042654028,933,1617919200000.0,0.0072067,0.0072191,0.0071774,0.0072071,13852.34,1617922799999.0,99.73084519,9051.0,7409.48,53.34778026,0.0
2021-04-08 20:26:34.312796208,934,1617922800000.0,0.007207,0.0072641,0.0071909,0.0072075,16132.97,1617926399999.0,116.56234757,8922.0,9291.24,67.16670637,0.0
2021-04-08 21:26:47.582938388,935,1617926400000.0,0.0072072,0.0072146,0.0070785,0.007081,39581.62,1617929999999.0,282.87371912,12548.0,18876.04,134.90464146,0.0
2021-04-08 22:27:00.853080568,936,1617930000000.0,0.0070833,0.0071352,0.0070666,0.0071139,29075.0,1617933599999.0,206.574472,9407.0,15297.12,108.68021644,0.0
2021-04-08 23:27:14.123222749,937,1617933600000.0,0.0071132,0.0071315,0.0070719,0.0071035,30851.12,1617937199999.0,218.99458147,8112.0,15135.63,107.43355542,0.0
2021-04-09 00:27:27.393364929,938,1617937200000.0,0.0071035,0.0071035,0.0069777,0.0070301,41862.43,1617940799999.0,293.90213022,12750.0,20964.11,147.21838164,0.0
2021-04-09 01:27:40.663507109,939,1617940800000.0,0.0070301,0.0070854,0.0070146,0.0070847,27357.21,1617944399999.0,192.83714015,7464.0,14969.5,105.52219731,0.0
2021-04-09 02:27:53.933649289,940,1617944400000.0,0.0070843,0.0071839,0.0070778,0.0070871,37640.76,1617947999999.0,268.16660531,13583.0,21056.64,150.08887384,0.0
2021-04-09 03:28:07.203791469,941,1617948000000.0,0.007087,0.0072015,0.007084,0.00717,44428.85,1617951599999.0,318.73037776,10946.0,14022.82,100.36693719,0.0
2021-04-09 04:28:20.473933649,942,1617951600000.0,0.00717,0.0072601,0.0071426,0.0072572,35214.87,1617955199999.0,254.02841897,13403.0,16362.56,118.12366264,0.0
2021-04-09 05:28:33.744075829,943,1617955200000.0,0.0072595,0.0072635,0.0072184,0.0072313,30951.41,1617958799999.0,224.10260959,9804.0,14448.62,104.59416668,0.0
2021-04-09 06:28:47.014218009,944,1617958800000.0,0.0072312,0.0074132,0.0072226,0.0073973,61443.49,1617962399999.0,451.13389622,19734.0,30122.63,221.15542062,0.0
2021-04-09 07:29:00.284360189,945,1617962400000.0,0.0073974,0.0074448,0.0073263,0.0073604,59601.4,1617965999999.0,440.26090974,21019.0,25482.92,188.1898494,0.0
2021-04-09 08:29:13.554502369,946,1617966000000.0,0.0073606,0.0074869,0.0073251,0.0074711,47821.61,1617969599999.0,354.02494861,19697.0,21932.45,162.47546578,0.0
2021-04-09 09:29:26.824644549,947,1617969600000.0,0.0074749,0.0075589,0.0074513,0.0075159,69711.3,1617973199999.0,524.22381346,21807.0,37704.86,283.45594436,0.0
2021-04-09 10:29:40.094786730,948,1617973200000.0,0.0075169,0.0076522,0.0075145,0.0076077,80415.49,1617976799999.0,611.8016951,25638.0,38491.63,292.69285211,0.0
2021-04-09 11:29:53.364928910,949,1617976800000.0,0.0076062,0.007652,0.0074629,0.0075539,61554.03,1617980399999.0,465.42241494,24876.0,31067.0,234.83751067,0.0
2021-04-09 12:30:06.635071090,950,1617980400000.0,0.0075539,0.00756,0.0074353,0.007513,47924.38,1617983999999.0,358.99972331,19593.0,26502.91,198.44163008,0.0
2021-04-09 13:30:19.905213270,951,1617984000000.0,0.007513,0.0076172,0.0074666,0.0075925,44145.35,1617987599999.0,332.88282213,20466.0,21695.35,163.58986831,0.0
2021-04-09 14:30:33.175355450,952,1617987600000.0,0.0075925,0.00766,0.0075727,0.007607,39505.85,1617991199999.0,301.27733841,15835.0,14819.82,113.01800262,0.0
2021-04-09 15:30:46.445497630,953,1617991200000.0,0.0076071,0.0076493,0.0075689,0.0075944,25204.86,1617994799999.0,191.80239832,12925.0,12969.3,98.6954298,0.0
2021-04-09 16:30:59.715639810,954,1617994800000.0,0.0075942,0.007605,0.007487,0.0075141,48909.98,1617998399999.0,369.43898056,18262.0,29066.94,219.53791875,0.0
2021-04-09 17:31:12.985781990,955,1617998400000.0,0.0075132,0.0076107,0.0074574,0.0075966,37269.18,1618001999999.0,280.42995068,16601.0,19499.54,146.68267213,0.0
2021-04-09 18:31:26.255924170,956,1618002000000.0,0.0075966,0.0076318,0.0075652,0.0076175,26218.31,1618005599999.0,199.39342109,12874.0,10138.66,77.10088936,0.0
2021-04-09 19:31:39.526066350,957,1618005600000.0,0.007614,0.0076615,0.0075557,0.0075804,24252.1,1618009199999.0,184.84254086,12341.0,12051.4,91.87513385,0.0
2021-04-09 20:31:52.796208530,958,1618009200000.0,0.0075802,0.0078075,0.0075763,0.0078031,52386.71,1618012799999.0,403.62167021,20723.0,26170.88,201.75540499,0.0
2021-04-09 21:32:06.066350711,959,1618012800000.0,0.0078051,0.008,0.0077426,0.0079933,72771.33,1618016399999.0,573.84849676,32622.0,39011.95,307.79006761,0.0
2021-04-09 22:32:19.336492891,960,1618016400000.0,0.0079938,0.0081604,0.0079592,0.0081299,79774.42,1618019999999.0,644.51677381,32573.0,42001.99,339.14066056,0.0
2021-04-09 23:32:32.606635071,961,1618020000000.0,0.0081293,0.0083112,0.0081085,0.0081704,82502.52,1618023599999.0,677.54473658,38047.0,44501.78,365.50550954,0.0
2021-04-10 00:32:45.876777251,962,1618023600000.0,0.0081704,0.008171,0.0078923,0.0080068,72153.37,1618027199999.0,577.06540011,31003.0,39866.67,318.98801311,0.0
2021-04-10 01:32:59.146919431,963,1618027200000.0,0.0080062,0.0080065,0.0075325,0.0075398,153357.11,1618030799999.0,1178.37800297,52401.0,79893.81,613.95698274,0.0
2021-04-10 02:33:12.417061611,964,1618030800000.0,0.0075398,0.0078245,0.0074966,0.0077744,103097.61,1618034399999.0,791.41415705,37903.0,54761.4,420.2378818,0.0
2021-04-10 03:33:25.687203791,965,1618034400000.0,0.0077737,0.0079727,0.007738,0.0079167,75372.32,1618037999999.0,594.01193061,25536.0,36765.61,289.55091328,0.0
2021-04-10 04:33:38.957345971,966,1618038000000.0,0.0079147,0.0079387,0.0077778,0.0078316,48321.86,1618041599999.0,379.08231262,23451.0,27870.01,218.54624623,0.0
2021-04-10 05:33:52.227488151,967,1618041600000.0,0.0078317,0.0078807,0.0077903,0.0078183,27862.78,1618045199999.0,218.04436473,16843.0,13202.81,103.33978191,0.0
2021-04-10 06:34:05.497630331,968,1618045200000.0,0.0078183,0.0079438,0.0077727,0.00789,30842.49,1618048799999.0,242.19773349,18199.0,13347.21,105.00047071,0.0
2021-04-10 07:34:18.767772512,969,1618048800000.0,0.0078899,0.0080205,0.0078784,0.0079829,54951.65,1618052399999.0,437.45900661,27768.0,31255.23,248.88826976,0.0
2021-04-10 08:34:32.037914692,970,1618052400000.0,0.007979,0.008048,0.0079335,0.0080018,46374.07,1618055999999.0,370.85866992,23237.0,26003.32,207.96349645,0.0
2021-04-10 09:34:45.308056872,971,1618056000000.0,0.0080018,0.0080378,0.007858,0.0079211,43839.55,1618059599999.0,349.08525062,25624.0,21560.96,171.6461579,0.0
2021-04-10 10:34:58.578199052,972,1618059600000.0,0.0079216,0.0079862,0.0078149,0.0079349,51438.77,1618063199999.0,406.97996892,24897.0,22590.16,178.60023265,0.0
2021-04-10 11:35:11.848341232,973,1618063200000.0,0.0079328,0.0079443,0.0078559,0.0078843,38112.05,1618066799999.0,300.69853176,19969.0,20913.54,164.89784698,0.0
2021-04-10 12:35:25.118483412,974,1618066800000.0,0.0078839,0.007917,0.0078212,0.0078784,38403.81,1618070399999.0,301.97003359,21819.0,24212.27,190.37182567,0.0
2021-04-10 13:35:38.388625592,975,1618070400000.0,0.007879,0.0079044,0.0078001,0.0078502,45746.0,1618073999999.0,358.80678062,23469.0,30977.03,242.94129483,0.0
2021-04-10 14:35:51.658767772,976,1618074000000.0,0.0078484,0.0078588,0.00765,0.0077313,82173.73,1618077599999.0,636.01600445,33980.0,46778.0,361.83383255,0.0
2021-04-10 15:36:04.928909952,977,1618077600000.0,0.0077312,0.0078776,0.0076189,0.0078589,60950.88,1618081199999.0,471.58173012,29659.0,33952.89,262.74837746,0.0
2021-04-10 16:36:18.199052132,978,1618081200000.0,0.0078588,0.0079221,0.0077973,0.0079061,32374.88,1618084799999.0,254.54875923,17025.0,13119.43,103.01485501,0.0
2021-04-10 17:36:31.469194312,979,1618084800000.0,0.0079054,0.0079624,0.0078426,0.0079539,24021.75,1618088399999.0,189.74869727,14243.0,11382.85,89.93745639,0.0
2021-04-10 18:36:44.739336493,980,1618088400000.0,0.0079525,0.0080885,0.0079283,0.0080599,29202.56,1618091999999.0,234.24150478,16456.0,17193.37,137.88106239,0.0
2021-04-10 19:36:58.009478673,981,1618092000000.0,0.0080598,0.0081139,0.0079368,0.0079452,27277.29,1618095599999.0,219.07740752,16054.0,16432.27,132.04274242,0.0
2021-04-10 20:37:11.279620853,982,1618095600000.0,0.0079414,0.0079867,0.0078634,0.0078868,20848.04,1618099199999.0,165.10629658,11750.0,11540.95,91.38246446,0.0
2021-04-10 21:37:24.549763033,983,1618099200000.0,0.0078869,0.007889,0.00758,0.0077258,113027.75,1618102799999.0,870.81386228,35570.0,70264.8,541.49955529,0.0
2021-04-10 22:37:37.819905213,984,1618102800000.0,0.0077259,0.0078091,0.0076643,0.0077747,43688.01,1618106399999.0,337.65869386,16860.0,23152.2,178.98121575,0.0
2021-04-10 23:37:51.090047393,985,1618106400000.0,0.0077747,0.0077799,0.0076948,0.0077077,26221.33,1618109999999.0,203.08624934,11567.0,13804.21,106.9263872,0.0
2021-04-11 00:38:04.360189573,986,1618110000000.0,0.0077086,0.0077279,0.007656,0.0076893,31588.77,1618113599999.0,242.82135464,13760.0,20419.37,156.98839329,0.0
2021-04-11 01:38:17.630331753,987,1618113600000.0,0.0076894,0.0077904,0.0076741,0.0077702,30387.9,1618117199999.0,235.26069276,12366.0,18237.87,141.11662249,0.0
2021-04-11 02:38:30.900473933,988,1618117200000.0,0.0077699,0.0078925,0.0077626,0.0078701,29225.88,1618120799999.0,228.64759447,12405.0,16092.18,125.90516447,0.0
2021-04-11 03:38:44.170616113,989,1618120800000.0,0.0078688,0.0080407,0.0078588,0.0079706,47992.57,1618124399999.0,382.51275561,20677.0,25020.19,199.30510184,0.0
2021-04-11 04:38:57.440758294,990,1618124400000.0,0.0079706,0.0079815,0.0079144,0.0079391,24433.76,1618127999999.0,194.16277888,11149.0,11261.22,89.48881915,0.0
2021-04-11 05:39:10.710900474,991,1618128000000.0,0.0079379,0.0079819,0.0078937,0.0079197,21983.67,1618131599999.0,174.39785975,10734.0,11320.95,89.83319207,0.0
2021-04-11 06:39:23.981042654,992,1618131600000.0,0.0079197,0.0079298,0.0078511,0.0079047,24591.98,1618135199999.0,194.1064116,11568.0,11742.55,92.69651514,0.0
2021-04-11 07:39:37.251184834,993,1618135200000.0,0.0079048,0.0079126,0.0078438,0.0078525,22885.57,1618138799999.0,180.1958502,9870.0,11521.7,90.73623968,0.0
2021-04-11 08:39:50.521327014,994,1618138800000.0,0.0078524,0.0079199,0.0078087,0.0078884,20515.73,1618142399999.0,161.27884392,12737.0,9205.72,72.37545302,0.0
2021-04-11 09:40:03.791469194,995,1618142400000.0,0.0078879,0.0079606,0.0078467,0.0079514,25267.41,1618145999999.0,200.07224336,13268.0,7621.43,60.28372361,0.0
2021-04-11 10:40:17.061611374,996,1618146000000.0,0.0079511,0.00799,0.0079338,0.0079859,26891.99,1618149599999.0,213.94311668,13584.0,9936.8,79.07069888,0.0
2021-04-11 11:40:30.331753554,997,1618149600000.0,0.0079865,0.0082004,0.0079712,0.0081866,71517.51,1618153199999.0,579.40745594,30298.0,34001.88,275.47954599,0.0
2021-04-11 12:40:43.601895734,998,1618153200000.0,0.0081866,0.00831,0.0081803,0.0082623,76229.37,1618156799999.0,628.93992829,37406.0,36956.19,304.96245892,0.0
2021-04-11 13:40:56.872037914,999,1618156800000.0,0.0082635,0.0082998,0.0082188,0.0082844,47964.25,1618160399999.0,396.30524575,24103.0,24756.25,204.51519081,0.0
2021-04-11 14:41:10.142180094,1000,1618160400000.0,0.0082847,0.008363,0.0082218,0.0083458,49057.56,1618163999999.0,406.98607885,29323.0,25043.28,207.76464431,0.0
2021-04-11 15:41:23.412322275,1001,1618164000000.0,0.0083455,0.0085,0.0083265,0.0083879,94384.22,1618167599999.0,793.46925238,39216.0,53746.97,451.47810593,0.0
2021-04-11 16:41:36.682464455,1002,1618167600000.0,0.0083879,0.0084088,0.0082902,0.0083709,64818.5,1618171199999.0,541.68560276,29065.0,41188.33,344.25597096,0.0
2021-04-11 17:41:49.952606635,1003,1618171200000.0,0.0083714,0.0084753,0.0083648,0.0084507,44423.38,1618174799999.0,373.93840325,19484.0,22236.48,187.00421932,0.0
2021-04-11 18:42:03.222748815,1004,1618174800000.0,0.0084508,0.00853,0.0084102,0.0085163,27972.69,1618178399999.0,236.67181411,17108.0,17966.08,151.90023804,0.0
2021-04-11 19:42:16.492890995,1005,1618178400000.0,0.0085154,0.00875,0.0085151,0.0087207,98726.19,1618181999999.0,852.09824131,39884.0,53727.07,463.32197332,0.0
2021-04-11 20:42:29.763033175,1006,1618182000000.0,0.0087208,0.008843,0.0085809,0.0087662,95595.49,1618185599999.0,834.11789523,39115.0,58548.97,511.15834063,0.0
2021-04-11 21:42:43.033175355,1007,1618185600000.0,0.0087649,0.0088088,0.0086895,0.008707,50290.46,1618189199999.0,440.82068382,23862.0,24479.39,214.48438537,0.0
2021-04-11 22:42:56.303317535,1008,1618189200000.0,0.008707,0.0087415,0.0085828,0.0087136,57919.91,1618192799999.0,502.29623362,22780.0,31363.69,271.98123188,0.0
2021-04-11 23:43:09.573459715,1009,1618192800000.0,0.0087136,0.0087829,0.00867,0.008768,32182.22,1618196399999.0,280.78750997,13914.0,18180.37,158.62006408,0.0
2021-04-12 00:43:22.843601895,1010,1618196400000.0,0.0087682,0.0091985,0.0087617,0.0091299,155884.49,1618199999999.0,1408.51233629,55527.0,91304.13,825.3579443,0.0
2021-04-12 01:43:36.113744076,1011,1618200000000.0,0.0091299,0.0095735,0.0090525,0.0095487,156534.83,1618203599999.0,1459.5386529,57458.0,83460.2,778.01743099,0.0
2021-04-12 02:43:49.383886256,1012,1618203600000.0,0.0095444,0.0095549,0.0092048,0.0093351,117407.98,1618207199999.0,1100.14446622,49239.0,54687.86,512.5525635,0.0
2021-04-12 03:44:02.654028436,1013,1618207200000.0,0.0093343,0.0093793,0.00922,0.009309,87908.77,1618210799999.0,817.94727247,36839.0,42804.12,398.20532184,0.0
2021-04-12 04:44:15.924170616,1014,1618210800000.0,0.0093097,0.0095746,0.0092796,0.0095672,101150.37,1618214399999.0,955.65718681,46483.0,55344.46,522.6777989,0.0
2021-04-12 05:44:29.194312796,1015,1618214400000.0,0.0095672,0.0099277,0.0095532,0.009912,147988.65,1618217999999.0,1441.89451016,55784.0,79938.1,778.8955415,0.0
2021-04-12 06:44:42.464454976,1016,1618218000000.0,0.0099107,0.0105113,0.0089136,0.0093072,506406.86,1618221599999.0,4972.94555206,176660.0,259556.75,2554.11177399,0.0
2021-04-12 07:44:55.734597156,1017,1618221600000.0,0.0093072,0.0096066,0.0090204,0.0094317,257092.74,1618225199999.0,2413.22471157,107450.0,133319.49,1251.95465152,0.0
2021-04-12 08:45:09.004739336,1018,1618225200000.0,0.0094314,0.0099127,0.0093789,0.0098521,192664.76,1618228799999.0,1872.76166,86990.0,93135.35,905.22731283,0.0
2021-04-12 09:45:22.274881516,1019,1618228800000.0,0.0098585,0.0098623,0.0095058,0.0095994,101118.89,1618232399999.0,979.02801484,46432.0,49770.64,481.84808454,0.0
2021-04-12 10:45:35.545023696,1020,1618232400000.0,0.0095993,0.0096771,0.0093108,0.009553,114250.66,1618235999999.0,1083.82494733,50131.0,59569.24,565.25688448,0.0
2021-04-12 11:45:48.815165876,1021,1618236000000.0,0.0095524,0.0097206,0.0094076,0.0094199,60373.58,1618239599999.0,578.46161092,37800.0,32117.69,307.93457499,0.0
2021-04-12 12:46:02.085308057,1022,1618239600000.0,0.0094195,0.0096255,0.00935,0.0095116,65529.97,1618243199999.0,621.85640707,36579.0,30904.26,293.35630324,0.0
2021-04-12 13:46:15.355450237,1023,1618243200000.0,0.0095133,0.0097318,0.0094656,0.0096028,64322.61,1618246799999.0,618.31510933,32940.0,36181.28,347.86337448,0.0
2021-04-12 14:46:28.625592417,1024,1618246800000.0,0.0096024,0.0098324,0.00957,0.0097755,52443.69,1618250399999.0,510.31593768,28691.0,26535.17,258.23365079,0.0
2021-04-12 15:46:41.895734597,1025,1618250400000.0,0.0097754,0.0098,0.0096188,0.0096964,37366.46,1618253999999.0,362.64636211,22719.0,18627.13,180.75446738,0.0
2021-04-12 16:46:55.165876777,1026,1618254000000.0,0.0096959,0.0098,0.0096301,0.0097977,27570.14,1618257599999.0,267.12897665,18386.0,16109.37,156.06960429,0.0
2021-04-12 17:47:08.436018957,1027,1618257600000.0,0.0097992,0.0102,0.0097916,0.0100995,134827.2,1618261199999.0,1350.47205431,66297.0,71363.31,715.0941035,0.0
2021-04-12 18:47:21.706161137,1028,1618261200000.0,0.0100995,0.0101557,0.0097582,0.0099696,81188.07,1618264799999.0,810.0000103,51321.0,40301.01,402.20249218,0.0
2021-04-12 19:47:34.976303317,1029,1618264800000.0,0.0099697,0.0101055,0.0099064,0.0100543,38589.82,1618268399999.0,385.49106316,27185.0,20652.4,206.25211586,0.0
2021-04-12 20:47:48.246445497,1030,1618268400000.0,0.0100543,0.0100842,0.0099363,0.0099707,34066.19,1618271999999.0,341.05898706,23690.0,17450.84,174.74552684,0.0
2021-04-12 21:48:01.516587677,1031,1618272000000.0,0.0099706,0.0100253,0.0096876,0.0098442,85739.95,1618275599999.0,843.4241839,35269.0,43784.52,430.76730103,0.0
2021-04-12 22:48:14.786729858,1032,1618275600000.0,0.0098438,0.0099524,0.009666,0.0096918,62894.08,1618279199999.0,617.74530424,29508.0,33891.19,332.94183476,0.0
2021-04-12 23:48:28.056872038,1033,1618279200000.0,0.0096909,0.0096989,0.0093345,0.0094148,91863.16,1618282799999.0,873.14334452,45322.0,47672.93,453.08827569,0.0
2021-04-13 00:48:41.327014218,1034,1618282800000.0,0.0094148,0.009587,0.0093126,0.0094328,82279.66,1618286399999.0,776.50955273,33855.0,41820.03,394.03205694,0.0
2021-04-13 01:48:54.597156398,1035,1618286400000.0,0.009432,0.0094468,0.0092,0.0093749,61146.6,1618289999999.0,570.12348564,32669.0,29579.55,275.89264071,0.0
2021-04-13 02:49:07.867298578,1036,1618290000000.0,0.0093749,0.0095308,0.0092337,0.0092464,55527.5,1618293599999.0,522.3213673,30227.0,24198.52,227.67277989,0.0
2021-04-13 03:49:21.137440758,1037,1618293600000.0,0.0092406,0.0093383,0.0088804,0.0089442,149820.29,1618297199999.0,1363.2000644,58666.0,72193.2,657.58172389,0.0
2021-04-13 04:49:34.407582938,1038,1618297200000.0,0.0089442,0.0091085,0.0088223,0.0090123,105018.57,1618300799999.0,943.32385885,49462.0,51968.41,467.04763571,0.0
2021-04-13 05:49:47.677725118,1039,1618300800000.0,0.0090126,0.0091174,0.00843,0.0085954,234731.53,1618304399999.0,2038.29086577,75315.0,131963.86,1144.52535368,0.0
2021-04-13 06:50:00.947867298,1040,1618304400000.0,0.0085967,0.0088,0.0085117,0.008652,107760.31,1618307999999.0,931.91607939,52014.0,56802.31,490.99419011,0.0
2021-04-13 07:50:14.218009478,1041,1618308000000.0,0.0086521,0.0089694,0.0085758,0.0088651,97759.97,1618311599999.0,865.68995046,44311.0,52179.83,462.11153609,0.0
2021-04-13 08:50:27.488151658,1042,1618311600000.0,0.0088652,0.008866,0.0086334,0.008737,55252.91,1618315199999.0,483.56060393,32693.0,28143.09,246.35604479,0.0
2021-04-13 09:50:40.758293839,1043,1618315200000.0,0.008737,0.0089586,0.0087194,0.0089586,52441.76,1618318799999.0,461.62388483,29952.0,28411.99,250.11621796,0.0
2021-04-13 10:50:54.028436019,1044,1618318800000.0,0.0089567,0.0093049,0.0089247,0.0090722,128247.3,1618322399999.0,1172.84832473,53649.0,62930.64,575.29240438,0.0
2021-04-13 11:51:07.298578199,1045,1618322400000.0,0.0090722,0.0092099,0.0090722,0.0091284,53763.75,1618325999999.0,492.08368263,24893.0,23371.87,213.81616896,0.0
2021-04-13 12:51:20.568720379,1046,1618326000000.0,0.0091284,0.0091578,0.0087899,0.0088438,66347.13,1618329599999.0,593.76432194,36573.0,37033.53,331.54969207,0.0
2021-04-13 13:51:33.838862559,1047,1618329600000.0,0.0088438,0.0088899,0.0087478,0.0088654,50514.22,1618333199999.0,445.72307712,28385.0,23872.02,210.69631155,0.0
2021-04-13 14:51:47.109004739,1048,1618333200000.0,0.0088655,0.008958,0.00875,0.0088065,45804.84,1618336799999.0,405.70231118,24934.0,19256.55,170.62118539,0.0
2021-04-13 15:52:00.379146919,1049,1618336800000.0,0.0088055,0.0088151,0.0086326,0.0087225,61504.34,1618340399999.0,537.44072618,32854.0,27028.0,236.36452029,0.0
2021-04-13 16:52:13.649289099,1050,1618340400000.0,0.0087225,0.0089209,0.0087161,0.0088998,26685.39,1618343999999.0,236.05485397,20825.0,14429.5,127.67205574,0.0
2021-04-13 17:52:26.919431279,1051,1618344000000.0,0.0088999,0.0089384,0.0088055,0.0088836,27093.71,1618347599999.0,240.28755748,17777.0,11538.14,102.32488581,0.0
2021-04-13 18:52:40.189573459,1052,1618347600000.0,0.0088839,0.0089557,0.0088372,0.0088537,21381.3,1618351199999.0,190.28093983,16316.0,10978.89,97.69014632,0.0
2021-04-13 19:52:53.459715639,1053,1618351200000.0,0.0088535,0.0088777,0.0087365,0.0087365,22351.54,1618354799999.0,197.10453872,16273.0,11790.18,103.96060286,0.0
2021-04-13 20:53:06.729857820,1054,1618354800000.0,0.0087368,0.0087831,0.0086403,0.0086716,23419.34,1618358399999.0,203.86954887,15774.0,11327.1,98.60658351,0.0
2021-04-13 21:53:20.000000000,1055,1618358400000.0,0.0086721,0.0090266,0.0086589,0.0090234,71335.42,1618361999999.0,636.69550434,28729.0,35560.73,317.47852507,0.0
2021-04-13 22:53:33.270142180,1056,1618362000000.0,0.0090234,0.0090278,0.0088995,0.0089123,41342.33,1618365599999.0,369.85929871,14782.0,20777.4,185.84262309,0.0
2021-04-13 23:53:46.540284360,1057,1618365600000.0,0.0089123,0.0089257,0.0088307,0.0088487,31259.5,1618369199999.0,277.41384502,11931.0,17103.02,151.78643609,0.0
2021-04-14 00:53:59.810426540,1058,1618369200000.0,0.0088489,0.0089547,0.0088156,0.0089163,36416.11,1618372799999.0,323.33742865,13370.0,17493.98,155.33728571,0.0
2021-04-14 01:54:13.080568720,1059,1618372800000.0,0.0089167,0.0090352,0.00888,0.0089347,54679.82,1618376399999.0,489.61193259,19080.0,26403.91,236.35805132,0.0
2021-04-14 02:54:26.350710900,1060,1618376400000.0,0.008935,0.0092048,0.0089235,0.009054,79983.35,1618379999999.0,726.04877551,35237.0,36337.9,329.82422634,0.0
2021-04-14 03:54:39.620853080,1061,1618380000000.0,0.009054,0.009058,0.0089171,0.0090306,51688.24,1618383599999.0,464.57905823,24736.0,26513.58,238.27305475,0.0
2021-04-14 04:54:52.890995260,1062,1618383600000.0,0.0090292,0.0090875,0.0089466,0.008951,49533.38,1618387199999.0,446.18477088,18993.0,25314.7,227.92635711,0.0
2021-04-14 05:55:06.161137440,1063,1618387200000.0,0.0089552,0.0091507,0.008955,0.0090781,70515.81,1618390799999.0,638.61570461,26263.0,37239.98,337.01158468,0.0
2021-04-14 06:55:19.431279621,1064,1618390800000.0,0.0090809,0.00913,0.0088406,0.0089953,51978.71,1618394399999.0,466.29360794,27893.0,23539.75,211.19001753,0.0
2021-04-14 07:55:32.701421801,1065,1618394400000.0,0.008996,0.0090037,0.0088739,0.0089104,34963.55,1618397999999.0,312.53053175,16825.0,18001.32,160.91683157,0.0
2021-04-14 08:55:45.971563981,1066,1618398000000.0,0.0089107,0.0089527,0.0088366,0.0089122,33143.57,1618401599999.0,295.01814554,16919.0,15178.22,135.13763855,0.0
2021-04-14 09:55:59.241706161,1067,1618401600000.0,0.0089105,0.0089107,0.0088169,0.0088436,34310.76,1618405199999.0,304.33804288,17348.0,17985.06,159.53096442,0.0
2021-04-14 10:56:12.511848341,1068,1618405200000.0,0.0088438,0.0088563,0.008678,0.0087093,49591.52,1618408799999.0,433.96871567,28052.0,27321.11,239.01253901,0.0
2021-04-14 11:56:25.781990521,1069,1618408800000.0,0.008709,0.0087294,0.0083531,0.0086109,94998.85,1618412399999.0,812.83948432,45006.0,46220.77,395.61687027,0.0
2021-04-14 12:56:39.052132701,1070,1618412400000.0,0.0086114,0.0087799,0.0085777,0.0086623,44535.48,1618415999999.0,387.10704863,25382.0,23001.94,200.00055296,0.0
2021-04-14 13:56:52.322274881,1071,1618416000000.0,0.0086626,0.0089156,0.0085713,0.0088789,40899.75,1618419599999.0,359.03821531,21384.0,19530.28,171.80469071,0.0
2021-04-14 14:57:05.592417061,1072,1618419600000.0,0.0088802,0.0089481,0.0087279,0.0087644,44941.24,1618423199999.0,397.66989759,24122.0,19210.41,169.86935277,0.0
2021-04-14 15:57:18.862559241,1073,1618423200000.0,0.0087641,0.0087776,0.0086601,0.0087332,35460.35,1618426799999.0,309.47763304,23593.0,17868.48,155.94966683,0.0
2021-04-14 16:57:32.132701421,1074,1618426800000.0,0.0087336,0.008734,0.0085405,0.0086324,50190.5,1618430399999.0,432.35093403,30840.0,27117.72,233.56325167,0.0
2021-04-14 17:57:45.402843602,1075,1618430400000.0,0.0086336,0.0087015,0.0086,0.0086486,21376.73,1618433999999.0,185.03968357,15283.0,10891.6,94.3032711,0.0
2021-04-14 18:57:58.672985782,1076,1618434000000.0,0.0086474,0.0086971,0.00856,0.0086439,35589.39,1618437599999.0,306.95914884,20178.0,15795.1,136.40694401,0.0
2021-04-14 19:58:11.943127962,1077,1618437600000.0,0.0086439,0.0086582,0.008536,0.0085823,21593.67,1618441199999.0,185.63847707,13874.0,10255.1,88.17102848,0.0
2021-04-14 20:58:25.213270142,1078,1618441200000.0,0.008581,0.0087366,0.008536,0.0087317,34065.76,1618444799999.0,293.14565291,15848.0,16386.79,141.00234882,0.0
2021-04-14 21:58:38.483412322,1079,1618444800000.0,0.0087294,0.0087399,0.0085911,0.008611,35867.79,1618448399999.0,309.82099075,14156.0,17521.66,151.32502754,0.0
2021-04-14 22:58:51.753554502,1080,1618448400000.0,0.0086138,0.0086349,0.0085614,0.0085904,36439.77,1618451999999.0,312.75911012,11196.0,19922.04,170.9737937,0.0
2021-04-14 23:59:05.023696682,1081,1618452000000.0,0.008591,0.00864,0.0085555,0.0085778,39750.43,1618455599999.0,341.75040266,10709.0,21842.88,187.83874322,0.0
2021-04-15 00:59:18.293838862,1082,1618455600000.0,0.008578,0.0086722,0.0085712,0.0086486,33878.13,1618459199999.0,291.97353943,10566.0,17142.14,147.71694378,0.0
2021-04-15 01:59:31.563981042,1083,1618459200000.0,0.0086479,0.0087608,0.008617,0.00868,38851.76,1618462799999.0,337.1604742,13603.0,21131.47,183.42697225,0.0
2021-04-15 02:59:44.834123222,1084,1618462800000.0,0.00868,0.008698,0.0086315,0.0086798,37178.64,1618466399999.0,322.38285215,11738.0,19549.26,169.50988114,0.0
2021-04-15 03:59:58.104265403,1085,1618466400000.0,0.0086813,0.0087352,0.0086717,0.008685,38302.72,1618469999999.0,333.27403693,13697.0,18334.49,159.50262705,0.0
2021-04-15 05:00:11.374407583,1086,1618470000000.0,0.0086851,0.0087705,0.0086572,0.0087575,42124.82,1618473599999.0,366.8356955,13510.0,18767.13,163.44753484,0.0
2021-04-15 06:00:24.644549763,1087,1618473600000.0,0.0087567,0.0088299,0.0087379,0.0087398,44788.1,1618477199999.0,393.16491299,18050.0,23033.14,202.13603548,0.0
2021-04-15 07:00:37.914691943,1088,1618477200000.0,0.0087433,0.00885,0.0087156,0.0088366,54789.83,1618480799999.0,481.31926226,15871.0,29746.71,261.15801285,0.0
2021-04-15 08:00:51.184834123,1089,1618480800000.0,0.0088366,0.0088496,0.0086849,0.0086965,32150.42,1618484399999.0,281.72258767,17488.0,15756.19,138.09909708,0.0
2021-04-15 09:01:04.454976303,1090,1618484400000.0,0.0086977,0.0087379,0.00866,0.0086969,18195.49,1618487999999.0,158.29905525,14002.0,9530.08,82.918566,0.0
2021-04-15 10:01:17.725118483,1091,1618488000000.0,0.0086961,0.0087605,0.0086818,0.0087445,26679.78,1618491599999.0,232.40482204,12627.0,11041.17,96.15191799,0.0
2021-04-15 11:01:30.995260663,1092,1618491600000.0,0.0087461,0.0087968,0.0087033,0.0087554,31762.42,1618495199999.0,277.75429214,15094.0,13589.25,118.79341989,0.0
2021-04-15 12:01:44.265402843,1093,1618495200000.0,0.0087599,0.0087878,0.008716,0.0087516,24559.22,1618498799999.0,214.93909369,13596.0,11338.48,99.2460404,0.0
2021-04-15 13:01:57.535545023,1094,1618498800000.0,0.0087539,0.0088144,0.0087454,0.0087872,24305.89,1618502399999.0,213.76678627,13023.0,9857.44,86.68649042,0.0
2021-04-15 14:02:10.805687203,1095,1618502400000.0,0.0087872,0.0088527,0.0087841,0.0088014,30392.28,1618505999999.0,268.15602759,16104.0,11750.57,103.65907473,0.0
2021-04-15 15:02:24.075829384,1096,1618506000000.0,0.0088013,0.0088182,0.0087725,0.0088048,17693.45,1618509599999.0,155.55633486,11994.0,9287.32,81.65722151,0.0
2021-04-15 16:02:37.345971564,1097,1618509600000.0,0.0088045,0.0088192,0.0087524,0.0087644,19473.6,1618513199999.0,171.14825388,12675.0,10249.63,90.04455506,0.0
2021-04-15 17:02:50.616113744,1098,1618513200000.0,0.0087648,0.0087669,0.0086503,0.0086913,28689.9,1618516799999.0,249.6643218,18023.0,12874.79,111.98137682,0.0
2021-04-15 18:03:03.886255924,1099,1618516800000.0,0.0086915,0.0087203,0.0086278,0.008642,27889.98,1618520399999.0,241.73812024,17199.0,15418.39,133.66673491,0.0
2021-04-15 19:03:17.156398104,1100,1618520400000.0,0.0086413,0.00866,0.0085636,0.0085979,21396.73,1618523999999.0,184.36663041,16563.0,10437.14,89.93002338,0.0
2021-04-15 20:03:30.426540284,1101,1618524000000.0,0.008598,0.0086176,0.0085508,0.0085976,20041.93,1618527599999.0,172.2061885,13647.0,10838.83,93.13271185,0.0
2021-04-15 21:03:43.696682464,1102,1618527600000.0,0.0085978,0.0086333,0.0085586,0.0085783,13508.59,1618531199999.0,116.12401783,10285.0,7251.42,62.3300607,0.0
2021-04-15 22:03:56.966824644,1103,1618531200000.0,0.0085786,0.0086089,0.0083949,0.0084375,29647.02,1618534799999.0,251.86962429,20543.0,13545.13,115.09331985,0.0
2021-04-15 23:04:10.236966824,1104,1618534800000.0,0.0084429,0.0084431,0.0082929,0.0083871,42080.15,1618538399999.0,351.77546376,28742.0,19478.37,162.84132608,0.0
2021-04-16 00:04:23.507109004,1105,1618538400000.0,0.0083871,0.0084449,0.0082803,0.0083172,29688.07,1618541999999.0,247.90201848,21231.0,15066.35,125.79996898,0.0
2021-04-16 01:04:36.777251185,1106,1618542000000.0,0.0083133,0.0084462,0.00828,0.0084371,23465.55,1618545599999.0,196.10524201,15226.0,11738.27,98.17289116,0.0
2021-04-16 02:04:50.047393365,1107,1618545600000.0,0.0084371,0.0084409,0.0082573,0.0083061,37422.49,1618549199999.0,312.83398193,19195.0,13131.23,109.81121007,0.0
2021-04-16 03:05:03.317535545,1108,1618549200000.0,0.0083064,0.00848,0.0081908,0.008352,40862.66,1618552799999.0,340.58284093,22647.0,21871.15,182.55421949,0.0
2021-04-16 04:05:16.587677725,1109,1618552800000.0,0.0083529,0.0086712,0.0082811,0.0086711,71816.75,1618556399999.0,608.9142453,39980.0,40320.63,342.08234219,0.0
2021-04-16 05:05:29.857819905,1110,1618556400000.0,0.0086711,0.0088886,0.0086324,0.0088061,56145.15,1618559999999.0,491.17403898,32820.0,31190.11,272.95191664,0.0
2021-04-16 06:05:43.127962085,1111,1618560000000.0,0.0088076,0.0089,0.0085619,0.0085619,67902.28,1618563599999.0,594.49089711,35096.0,29355.4,257.20578996,0.0
2021-04-16 07:05:56.398104265,1112,1618563600000.0,0.0085618,0.0087027,0.0084517,0.0086501,54374.91,1618567199999.0,465.22305429,29218.0,25958.69,222.24640058,0.0
2021-04-16 08:06:09.668246445,1113,1618567200000.0,0.0086505,0.0087128,0.008545,0.0085575,25760.63,1618570799999.0,222.44278362,18831.0,11884.53,102.65194256,0.0
2021-04-16 09:06:22.938388625,1114,1618570800000.0,0.0085575,0.0086356,0.008421,0.0085747,34654.22,1618574399999.0,296.29727432,25278.0,17001.98,145.36337575,0.0
2021-04-16 10:06:36.208530805,1115,1618574400000.0,0.0085763,0.0085806,0.0083853,0.008411,33742.71,1618577999999.0,285.15680483,21337.0,17216.04,145.47996394,0.0
2021-04-16 11:06:49.478672985,1116,1618578000000.0,0.0084124,0.0084472,0.0081111,0.00818,78108.99,1618581599999.0,647.36490181,38221.0,34734.36,287.26388182,0.0
2021-04-16 12:07:02.748815166,1117,1618581600000.0,0.00818,0.0083703,0.0081692,0.0083575,55568.75,1618585199999.0,461.29481403,26846.0,24988.87,207.41308734,0.0
2021-04-16 13:07:16.018957346,1118,1618585200000.0,0.0083574,0.00845,0.0082833,0.0084134,33571.78,1618588799999.0,280.9310576,20246.0,16100.76,134.83564801,0.0
2021-04-16 14:07:29.289099526,1119,1618588800000.0,0.0084025,0.008431,0.008306,0.0083853,25635.15,1618592399999.0,214.22587356,19012.0,12713.92,106.22930311,0.0
2021-04-16 15:07:42.559241706,1120,1618592400000.0,0.0083853,0.0085399,0.0083446,0.0084813,34426.38,1618595999999.0,290.67788984,22238.0,15582.97,131.52167825,0.0
2021-04-16 16:07:55.829383886,1121,1618596000000.0,0.0084786,0.0085236,0.0083708,0.0083941,18126.6,1618599599999.0,152.77196272,16575.0,8387.1,70.68006476,0.0
2021-04-16 17:08:09.099526066,1122,1618599600000.0,0.0083941,0.0084053,0.008307,0.0083329,15208.05,1618603199999.0,126.95824605,15925.0,6982.7,58.30175196,0.0
2021-04-16 18:08:22.369668246,1123,1618603200000.0,0.0083332,0.0083828,0.0083175,0.0083816,16117.54,1618606799999.0,134.67183058,14307.0,8846.82,73.92350848,0.0
2021-04-16 19:08:35.639810426,1124,1618606800000.0,0.008383,0.00845,0.0083619,0.00845,11206.34,1618610399999.0,94.13973415,13110.0,5844.75,49.1237664,0.0
2021-04-16 20:08:48.909952606,1125,1618610400000.0,0.0084499,0.0084676,0.0083024,0.0083076,16927.26,1618613999999.0,141.78908555,15601.0,7571.4,63.44377776,0.0
2021-04-16 21:09:02.180094786,1126,1618614000000.0,0.0083077,0.0083619,0.008269,0.0082871,18094.62,1618617599999.0,150.52503059,12983.0,9228.19,76.75848167,0.0
2021-04-16 22:09:15.450236967,1127,1618617600000.0,0.0082865,0.008352,0.0082588,0.0082795,21282.17,1618621199999.0,176.90528845,12875.0,9484.93,78.84304402,0.0
2021-04-16 23:09:28.720379147,1128,1618621200000.0,0.0082797,0.0084,0.0082697,0.0083619,27663.22,1618624799999.0,230.43489406,14157.0,13699.15,114.02263671,0.0
2021-04-17 00:09:41.990521327,1129,1618624800000.0,0.0083629,0.008463,0.0083387,0.0084472,19774.59,1618628399999.0,166.09859417,12864.0,9429.01,79.22673464,0.0
2021-04-17 01:09:55.260663507,1130,1618628400000.0,0.0084478,0.0085816,0.0084109,0.0085485,34959.99,1618631999999.0,296.77567228,20824.0,17321.55,147.04747946,0.0
2021-04-17 02:10:08.530805687,1131,1618632000000.0,0.0085484,0.0087947,0.0085459,0.0086466,66744.84,1618635599999.0,580.14156965,31455.0,32724.9,284.43469592,0.0
2021-04-17 03:10:21.800947867,1132,1618635600000.0,0.0086478,0.0087,0.0085644,0.0086488,32921.0,1618639199999.0,283.82048309,18032.0,17038.08,146.86431632,0.0
2021-04-17 04:10:35.071090047,1133,1618639200000.0,0.0086488,0.0086894,0.0086,0.0086093,24406.06,1618642799999.0,211.03174759,14411.0,14847.47,128.3501768,0.0
2021-04-17 05:10:48.341232227,1134,1618642800000.0,0.0086094,0.0086602,0.0085626,0.0086402,30807.27,1618646399999.0,264.82713087,16207.0,19498.06,167.59728211,0.0
2021-04-17 06:11:01.611374407,1135,1618646400000.0,0.0086408,0.008768,0.0086376,0.0087144,23878.05,1618649999999.0,207.81462473,15792.0,12151.47,105.741719,0.0
2021-04-17 07:11:14.881516587,1136,1618650000000.0,0.0087145,0.008725,0.0086408,0.0086628,28607.99,1618653599999.0,248.30702916,14938.0,13656.61,118.5316425,0.0
2021-04-17 08:11:28.151658767,1137,1618653600000.0,0.0086632,0.0086836,0.0086123,0.0086488,26634.45,1618657199999.0,230.51915739,13845.0,12944.03,112.02525895,0.0
2021-04-17 09:11:41.421800948,1138,1618657200000.0,0.0086488,0.0086797,0.0084427,0.0084738,47436.7,1618660799999.0,405.20623237,22700.0,24803.44,211.83563134,0.0
2021-04-17 10:11:54.691943128,1139,1618660800000.0,0.0084734,0.008574,0.008452,0.0085459,37982.74,1618664399999.0,323.5006538,18218.0,18314.62,155.94394338,0.0
2021-04-17 11:12:07.962085308,1140,1618664400000.0,0.0085449,0.0085915,0.0084953,0.0085568,36967.23,1618667999999.0,315.72344291,15625.0,16891.17,144.25265565,0.0
2021-04-17 12:12:21.232227488,1141,1618668000000.0,0.0085567,0.0085939,0.0085317,0.0085584,27536.89,1618671599999.0,235.8826602,12264.0,14236.28,121.95458179,0.0
2021-04-17 13:12:34.502369668,1142,1618671600000.0,0.0085583,0.0085835,0.0084548,0.0084827,36251.25,1618675199999.0,308.89673121,16624.0,18182.23,154.90842654,0.0
2021-04-17 14:12:47.772511848,1143,1618675200000.0,0.0084794,0.0085761,0.0084345,0.0085528,27818.09,1618678799999.0,236.93716885,14655.0,14409.97,122.74582019,0.0
2021-04-17 15:13:01.042654028,1144,1618678800000.0,0.0085525,0.0085851,0.0085318,0.0085473,19129.74,1618682399999.0,163.67963547,10398.0,10191.04,87.19730853,0.0
2021-04-17 16:13:14.312796208,1145,1618682400000.0,0.0085459,0.0086245,0.0085182,0.0085349,33171.65,1618685999999.0,284.54905434,15953.0,12763.69,109.36197113,0.0
2021-04-17 17:13:27.582938388,1146,1618686000000.0,0.0085336,0.0085471,0.0084973,0.0085355,17966.7,1618689599999.0,153.15009691,11453.0,8532.43,72.73511227,0.0
2021-04-17 18:13:40.853080568,1147,1618689600000.0,0.0085357,0.0086325,0.0085113,0.008632,22664.22,1618693199999.0,194.1373719,12303.0,9572.84,81.98415211,0.0
2021-04-17 19:13:54.123222748,1148,1618693200000.0,0.008632,0.0087082,0.00857,0.0086828,30133.56,1618696799999.0,260.44977656,15379.0,12799.77,110.63643039,0.0
2021-04-17 20:14:07.393364929,1149,1618696800000.0,0.0086829,0.0087405,0.0086522,0.008683,30364.86,1618700399999.0,264.09608253,13466.0,13356.81,116.1651718,0.0
2021-04-17 21:14:20.663507109,1150,1618700400000.0,0.0086829,0.0087034,0.0085621,0.0085721,22414.45,1618703999999.0,193.46478538,13163.0,11515.89,99.33730501,0.0
2021-04-17 22:14:33.933649289,1151,1618704000000.0,0.0085721,0.00863,0.0085419,0.0085868,37270.17,1618707599999.0,319.98663404,17338.0,19214.65,164.93076931,0.0
2021-04-17 23:14:47.203791469,1152,1618707600000.0,0.0085867,0.0086498,0.00847,0.0086322,47653.0,1618711199999.0,408.13890732,20650.0,24466.13,209.31815582,0.0
2021-04-18 00:15:00.473933649,1153,1618711200000.0,0.0086334,0.0086479,0.0085441,0.0085683,28687.64,1618714799999.0,246.70355948,14333.0,15396.15,132.39926179,0.0
2021-04-18 01:15:13.744075829,1154,1618714800000.0,0.0085694,0.00878,0.0083531,0.0087462,117455.95,1618718399999.0,1005.05209256,57356.0,61358.69,525.195075,0.0
2021-04-18 02:15:27.014218009,1155,1618718400000.0,0.0087462,0.0087919,0.0082528,0.0083265,119752.35,1618721999999.0,1022.54876134,47658.0,51570.79,442.34164989,0.0
2021-04-18 03:15:40.284360189,1156,1618722000000.0,0.0083264,0.0086112,0.0083022,0.0084368,50636.55,1618725599999.0,426.05872356,26487.0,23191.11,195.32342089,0.0
2021-04-18 04:15:53.554502369,1157,1618725600000.0,0.0084372,0.0084897,0.0083195,0.0083648,29520.06,1618729199999.0,248.2607543,23137.0,14491.97,121.90923071,0.0
2021-04-18 05:16:06.824644549,1158,1618729200000.0,0.0083648,0.0085901,0.008359,0.0085656,29184.42,1618732799999.0,247.59845174,24543.0,14989.89,127.24058114,0.0
2021-04-18 06:16:20.094786730,1159,1618732800000.0,0.0085656,0.008588,0.0084659,0.0084779,52729.23,1618736399999.0,449.01753852,23709.0,33187.25,282.41611324,0.0
2021-04-18 07:16:33.364928910,1160,1618736400000.0,0.0084781,0.0084969,0.0081715,0.00826,64815.0,1618739999999.0,540.99721007,29959.0,32798.76,274.29915794,0.0
2021-04-18 08:16:46.635071090,1161,1618740000000.0,0.00826,0.0083918,0.0081938,0.0083209,28358.78,1618743599999.0,235.52229827,19634.0,15596.73,129.46467201,0.0
2021-04-18 09:16:59.905213270,1162,1618743600000.0,0.0083227,0.0083651,0.0080717,0.0080969,45768.14,1618747199999.0,374.69461638,23813.0,19537.87,160.12275079,0.0
2021-04-18 10:17:13.175355450,1163,1618747200000.0,0.0081024,0.0082799,0.0080727,0.0082246,37613.43,1618750799999.0,308.2728058,23204.0,18846.36,154.55888652,0.0
2021-04-18 11:17:26.445497630,1164,1618750800000.0,0.0082244,0.0082802,0.0081669,0.0082321,22470.21,1618754399999.0,185.12239635,16889.0,11410.44,94.03606111,0.0
2021-04-18 12:17:39.715639810,1165,1618754400000.0,0.0082325,0.0084687,0.0081947,0.0084177,32396.62,1618757999999.0,269.67618429,21612.0,17362.64,144.64049058,0.0
2021-04-18 13:17:52.985781990,1166,1618758000000.0,0.0084177,0.0084729,0.0083488,0.0084286,24917.88,1618761599999.0,209.87085775,19148.0,12914.43,108.78190969,0.0
2021-04-18 14:18:06.255924170,1167,1618761600000.0,0.0084287,0.0085839,0.0083964,0.0085651,34536.79,1618765199999.0,294.15451677,23945.0,18173.38,154.76371647,0.0
2021-04-18 15:18:19.526066350,1168,1618765200000.0,0.0085632,0.0085982,0.0084074,0.0084182,24410.03,1618768799999.0,207.67568919,18668.0,12395.33,105.46498759,0.0
2021-04-18 16:18:32.796208530,1169,1618768800000.0,0.0084182,0.0084556,0.0083758,0.0084216,17309.61,1618772399999.0,145.74681548,15031.0,9280.18,78.15906186,0.0
2021-04-18 17:18:46.066350711,1170,1618772400000.0,0.008423,0.0085233,0.0083163,0.0085148,23030.53,1618775999999.0,194.89530553,18123.0,9589.48,81.16653803,0.0
2021-04-18 18:18:59.336492891,1171,1618776000000.0,0.0085149,0.0085299,0.008452,0.00848,12396.63,1618779599999.0,105.23888982,14173.0,6121.58,51.96842075,0.0
2021-04-18 19:19:12.606635071,1172,1618779600000.0,0.00848,0.0084948,0.0083886,0.0084569,19008.01,1618783199999.0,160.37964745,16257.0,9521.41,80.33903507,0.0
2021-04-18 20:19:25.876777251,1173,1618783200000.0,0.0084566,0.0085121,0.0084229,0.0084986,17764.52,1618786799999.0,150.39565068,16288.0,8826.74,74.72578866,0.0
2021-04-18 21:19:39.146919431,1174,1618786800000.0,0.0084986,0.0085856,0.00846,0.0085732,21064.9,1618790399999.0,179.59011936,15177.0,10144.66,86.4448334,0.0
2021-04-18 22:19:52.417061611,1175,1618790400000.0,0.0085732,0.0086241,0.008408,0.0086184,45081.98,1618793999999.0,384.13979608,22256.0,24619.48,209.86523855,0.0
2021-04-18 23:20:05.687203791,1176,1618794000000.0,0.0086178,0.009,0.0086028,0.0089439,90921.76,1618797599999.0,801.3219405,34534.0,48058.66,423.48229967,0.0
2021-04-19 00:20:18.957345971,1177,1618797600000.0,0.0089446,0.009206,0.0088698,0.0091964,85187.58,1618801199999.0,767.23374884,36811.0,46682.79,420.61688072,0.0
2021-04-19 01:20:32.227488151,1178,1618801200000.0,0.009196,0.0094219,0.0091404,0.0093256,91161.95,1618804799999.0,849.43047791,40803.0,43121.03,401.9069967,0.0
2021-04-19 02:20:45.497630331,1179,1618804800000.0,0.0093265,0.0093531,0.0091592,0.0092663,70442.06,1618808399999.0,652.04662874,30375.0,41822.19,387.1079374,0.0
2021-04-19 03:20:58.767772512,1180,1618808400000.0,0.0092648,0.0093398,0.0091231,0.0092728,57826.29,1618811999999.0,534.39843126,23316.0,26457.04,244.72387681,0.0
2021-04-19 04:21:12.037914692,1181,1618812000000.0,0.0092729,0.0094197,0.0092609,0.0093803,59557.7,1618815599999.0,556.33060931,23507.0,34605.06,323.02103628,0.0
2021-04-19 05:21:25.308056872,1182,1618815600000.0,0.0093803,0.0094197,0.00926,0.0093118,52554.23,1618819199999.0,490.72251888,22499.0,27735.5,258.95921347,0.0
2021-04-19 06:21:38.578199052,1183,1618819200000.0,0.0093102,0.0093592,0.0091809,0.0092306,56183.43,1618822799999.0,519.98630245,22663.0,30954.55,286.53445772,0.0
2021-04-19 07:21:51.848341232,1184,1618822800000.0,0.0092309,0.0092791,0.0091941,0.009207,43011.05,1618826399999.0,397.40566676,17566.0,23186.16,214.29472317,0.0
2021-04-19 08:22:05.118483412,1185,1618826400000.0,0.009207,0.0092263,0.0089466,0.0091108,76970.0,1618829999999.0,697.09174089,31890.0,37411.47,338.88713286,0.0
2021-04-19 09:22:18.388625592,1186,1618830000000.0,0.0091117,0.0092996,0.0091075,0.0092918,53442.11,1618833599999.0,492.76681007,20614.0,27088.54,249.72042099,0.0
2021-04-19 10:22:31.658767772,1187,1618833600000.0,0.0092911,0.0093008,0.0090829,0.0090966,47721.61,1618837199999.0,439.40203153,21447.0,21635.15,199.011513,0.0
2021-04-19 11:22:44.928909952,1188,1618837200000.0,0.009094,0.0092441,0.009058,0.0092,57098.31,1618840799999.0,521.94783993,23634.0,28082.56,256.63116642,0.0
2021-04-19 12:22:58.199052132,1189,1618840800000.0,0.0091977,0.0091977,0.0088518,0.0089719,72585.39,1618844399999.0,655.59634498,32002.0,34207.86,308.71349574,0.0
2021-04-19 13:23:11.469194312,1190,1618844400000.0,0.0089718,0.0090131,0.008795,0.0088673,55941.72,1618847999999.0,498.29336891,29869.0,25807.37,229.96894221,0.0
2021-04-19 14:23:24.739336493,1191,1618848000000.0,0.0088699,0.009161,0.0088261,0.008941,48864.67,1618851599999.0,440.62792617,28681.0,24147.35,217.96319563,0.0
2021-04-19 15:23:38.009478673,1192,1618851600000.0,0.0089407,0.0090706,0.0089,0.0090562,23769.93,1618855199999.0,213.79203677,18405.0,12999.64,116.96612976,0.0
2021-04-19 16:23:51.279620853,1193,1618855200000.0,0.0090563,0.0091432,0.0090327,0.009075,20434.96,1618858799999.0,185.881409,18728.0,9360.08,85.14018982,0.0
2021-04-19 17:24:04.549763033,1194,1618858800000.0,0.009075,0.0091556,0.0089867,0.0090255,20279.7,1618862399999.0,183.71938536,19686.0,9933.96,90.00865074,0.0
2021-04-19 18:24:17.819905213,1195,1618862400000.0,0.0090255,0.00915,0.0089637,0.0091328,20546.6,1618865999999.0,186.31571482,20710.0,10163.81,92.23061621,0.0
2021-04-19 19:24:31.090047393,1196,1618866000000.0,0.0091314,0.0091643,0.009029,0.0091021,22601.55,1618869599999.0,205.99275022,22377.0,11771.15,107.27517833,0.0
2021-04-19 20:24:44.360189573,1197,1618869600000.0,0.009102,0.0091946,0.0090651,0.0091017,23526.52,1618873199999.0,214.70050161,21615.0,11945.14,109.01417909,0.0
2021-04-19 21:24:57.630331753,1198,1618873200000.0,0.0091,0.0091129,0.0089948,0.0090572,24938.79,1618876799999.0,225.8512758,20790.0,13567.92,122.91600207,0.0
2021-04-19 22:25:10.900473933,1199,1618876800000.0,0.0090592,0.009122,0.0087085,0.0088019,58479.38,1618880399999.0,519.64024428,32005.0,29005.28,257.76430298,0.0
2021-04-19 23:25:24.170616113,1200,1618880400000.0,0.0087986,0.0089442,0.0087823,0.0088829,35550.77,1618883999999.0,316.41282853,17344.0,19287.99,171.66083249,0.0
2021-04-20 00:25:37.440758294,1201,1618891200000.0,0.0088953,0.0091897,0.0088843,0.0091781,26198.29,1618894799999.0,237.67246617,18573.0,13586.34,123.29452504,0.0
2021-04-20 01:25:50.710900474,1202,1618894800000.0,0.0091789,0.0092839,0.0090374,0.0090915,45898.61,1618898399999.0,418.93933555,24988.0,23294.14,212.68631221,0.0
2021-04-20 02:26:03.981042654,1203,1618898400000.0,0.0090913,0.0091451,0.00887,0.0089354,45887.56,1618901999999.0,412.79076413,26686.0,24155.51,217.05590336,0.0
2021-04-20 03:26:17.251184834,1204,1618902000000.0,0.0089345,0.0091005,0.0089,0.0090777,34952.86,1618905599999.0,315.10794185,23762.0,18172.17,163.77772923,0.0
2021-04-20 04:26:30.521327014,1205,1618905600000.0,0.0090775,0.0091307,0.0090473,0.0090801,26301.19,1618909199999.0,239.28177568,19876.0,14177.22,128.99692216,0.0
2021-04-20 05:26:43.791469194,1206,1618909200000.0,0.0090814,0.0091536,0.0090739,0.009092,27179.66,1618912799999.0,247.88773609,19778.0,13690.51,124.84975314,0.0
2021-04-20 06:26:57.061611374,1207,1618912800000.0,0.0090918,0.0092714,0.0090795,0.0092486,42724.59,1618916399999.0,392.94811698,27971.0,18903.64,173.80412397,0.0
2021-04-20 07:27:10.331753554,1208,1618916400000.0,0.0092485,0.00941,0.0091633,0.0093755,58471.75,1618919999999.0,543.87540415,33019.0,31643.39,294.46511504,0.0
2021-04-20 08:27:23.601895734,1209,1618920000000.0,0.0093763,0.0094008,0.009215,0.0093746,59103.42,1618923599999.0,552.01107903,36713.0,25048.09,233.98066049,0.0
2021-04-20 09:27:36.872037914,1210,1618923600000.0,0.0093739,0.0096413,0.0093734,0.00953,88058.98,1618927199999.0,838.18429467,47512.0,45506.28,432.92344349,0.0
2021-04-20 10:27:50.142180094,1211,1618927200000.0,0.009529,0.0095597,0.0093677,0.0094715,73990.79,1618930799999.0,698.76246842,40254.0,28729.54,271.67151427,0.0
2021-04-20 11:28:03.412322275,1212,1618930800000.0,0.0094737,0.0096444,0.0094275,0.0096444,47509.19,1618934399999.0,452.71381935,35974.0,24462.17,233.22519362,0.0
2021-04-20 12:28:16.682464455,1213,1618934400000.0,0.0096446,0.0098384,0.0095719,0.0098256,63362.47,1618937999999.0,613.79608078,41781.0,31583.32,306.08461562,0.0
2021-04-20 13:28:29.952606635,1214,1618938000000.0,0.0098278,0.0098719,0.0097125,0.0098543,46479.01,1618941599999.0,454.86779672,34869.0,21936.41,214.70169504,0.0
2021-04-20 14:28:43.222748815,1215,1618941600000.0,0.0098545,0.0100891,0.0098044,0.0099575,81231.42,1618945199999.0,809.87076422,51417.0,46810.26,466.89596917,0.0
2021-04-20 15:28:56.492890995,1216,1618945200000.0,0.0099574,0.0103966,0.0099474,0.0103834,112300.58,1618948799999.0,1149.5113817,64631.0,57679.12,590.41220369,0.0
2021-04-20 16:29:09.763033175,1217,1618948800000.0,0.0103832,0.0104045,0.01,0.0100653,76446.21,1618952399999.0,780.0214951,51903.0,36832.29,375.91147365,0.0
2021-04-20 17:29:23.033175355,1218,1618952400000.0,0.0100654,0.0101461,0.0098043,0.0100837,66338.33,1618955999999.0,663.4858835,45429.0,34944.59,349.3889508,0.0
2021-04-20 18:29:36.303317535,1219,1618956000000.0,0.010082,0.0101106,0.0099618,0.0100715,34379.69,1618959599999.0,345.20626072,30281.0,16252.0,163.20850317,0.0
2021-04-20 19:29:49.573459715,1220,1618959600000.0,0.0100715,0.0104134,0.0100714,0.0104,57594.77,1618963199999.0,592.27776589,36517.0,30736.64,316.06307064,0.0
2021-04-20 20:30:02.843601895,1221,1618963200000.0,0.0104,0.010615,0.0103273,0.010385,105996.02,1618966799999.0,1110.5458773,58935.0,57225.8,599.76614001,0.0
2021-04-20 21:30:16.113744076,1222,1618966800000.0,0.0103845,0.010685,0.01029,0.0105558,80662.12,1618970399999.0,850.84656917,42163.0,42367.83,446.96671101,0.0
2021-04-20 22:30:29.383886256,1223,1618970400000.0,0.0105558,0.0106537,0.0104693,0.010569,59045.23,1618973999999.0,623.71317026,29214.0,32418.74,342.39763098,0.0
2021-04-20 23:30:42.654028436,1224,1618974000000.0,0.0105713,0.0105948,0.0104311,0.0105314,57420.42,1618977599999.0,604.66295401,28425.0,29552.0,311.32196399,0.0
2021-04-21 00:30:55.924170616,1225,1618977600000.0,0.0105323,0.010735,0.0104825,0.0107028,63823.28,1618981199999.0,677.94089658,27723.0,34175.11,363.12245115,0.0
2021-04-21 01:31:09.194312796,1226,1618981200000.0,0.0107024,0.0107199,0.0105851,0.0106526,55917.08,1618984799999.0,595.11496281,27033.0,26258.03,279.43918748,0.0
2021-04-21 02:31:22.464454976,1227,1618984800000.0,0.0106537,0.011,0.0105683,0.0109023,104639.7,1618988399999.0,1132.43106277,50143.0,57791.37,625.66707874,0.0
2021-04-21 03:31:35.734597156,1228,1618988400000.0,0.0109003,0.0109473,0.0107166,0.0107394,77775.16,1618991999999.0,843.28643023,39004.0,40032.41,433.97658686,0.0
2021-04-21 04:31:49.004739336,1229,1618992000000.0,0.0107342,0.0107973,0.0105225,0.0106461,56803.19,1618995599999.0,603.32216528,39589.0,29392.54,312.17217111,0.0
2021-04-21 05:32:02.274881516,1230,1618995600000.0,0.0106473,0.0106964,0.010581,0.0106091,37647.98,1618999199999.0,400.44056462,24009.0,17387.85,184.90947048,0.0
2021-04-21 06:32:15.545023696,1231,1618999200000.0,0.0106073,0.0106083,0.0102535,0.0103779,68372.26,1619002799999.0,712.17977682,41617.0,33210.43,345.89753894,0.0
2021-04-21 07:32:28.815165876,1232,1619002800000.0,0.0103794,0.0104687,0.010179,0.0103396,64841.56,1619006399999.0,668.76373927,45632.0,33707.67,347.54912844,0.0
2021-04-21 08:32:42.085308057,1233,1619006400000.0,0.0103378,0.0106246,0.0102559,0.0105961,74880.95,1619009999999.0,783.7969377,44390.0,39810.69,416.72156377,0.0
2021-04-21 09:32:55.355450237,1234,1619010000000.0,0.0105948,0.0106536,0.0104344,0.0104852,48338.94,1619013599999.0,510.06652035,31061.0,19915.88,210.15863771,0.0
2021-04-21 10:33:08.625592417,1235,1619013600000.0,0.010486,0.010551,0.0103208,0.0103832,45989.95,1619017199999.0,478.71265161,29833.0,23929.78,249.13086737,0.0
2021-04-21 11:33:21.895734597,1236,1619017200000.0,0.0103885,0.0103967,0.0102225,0.0103743,30491.45,1619020799999.0,314.78389022,24251.0,16174.07,167.01098499,0.0
2021-04-21 12:33:35.165876777,1237,1619020800000.0,0.0103743,0.01052,0.0103364,0.0103795,35112.68,1619024399999.0,366.06359255,25784.0,18346.66,191.32440424,0.0
2021-04-21 13:33:48.436018957,1238,1619024400000.0,0.0103795,0.0104089,0.0102874,0.0103342,23005.36,1619027999999.0,238.02745282,18444.0,12590.03,130.27989912,0.0
2021-04-21 14:34:01.706161137,1239,1619028000000.0,0.0103377,0.0103997,0.010255,0.0103094,22353.13,1619031599999.0,231.008989,17489.0,10104.48,104.36124495,0.0
2021-04-21 15:34:14.976303317,1240,1619031600000.0,0.010306,0.0104205,0.0103037,0.0104011,14144.63,1619035199999.0,146.65539051,14512.0,7174.19,74.40238922,0.0
2021-04-21 16:34:28.246445497,1241,1619035200000.0,0.010402,0.010402,0.0101412,0.0102516,32740.88,1619038799999.0,335.08830744,30102.0,14747.62,150.91134833,0.0
2021-04-21 17:34:41.516587677,1242,1619038800000.0,0.0102527,0.010274,0.0101632,0.0101903,23125.51,1619042399999.0,236.26041818,25162.0,11559.74,118.14331443,0.0
2021-04-21 18:34:54.786729857,1243,1619042400000.0,0.0101892,0.0103246,0.01005,0.0101353,42399.99,1619045999999.0,431.6702636,33831.0,22655.84,230.82948383,0.0
2021-04-21 19:35:08.056872038,1244,1619046000000.0,0.0101356,0.0102028,0.00989,0.0101148,42443.3,1619049599999.0,427.4681571,34153.0,17294.53,174.4881214,0.0
2021-04-21 20:35:21.327014218,1245,1619049600000.0,0.0101069,0.0101781,0.0099697,0.0101722,45747.76,1619053199999.0,460.94778568,34312.0,22652.12,228.2244719,0.0
2021-04-21 21:35:34.597156398,1246,1619053200000.0,0.0101747,0.0103943,0.01015,0.0102288,38155.82,1619056799999.0,392.39133426,24526.0,20955.38,215.51387823,0.0
2021-04-21 22:35:47.867298578,1247,1619056800000.0,0.0102288,0.0103369,0.010145,0.0103015,49394.74,1619060399999.0,504.31031576,30784.0,22884.83,233.61112286,0.0
2021-04-21 23:36:01.137440758,1248,1619060400000.0,0.010302,0.0103505,0.0100822,0.0101364,24131.83,1619063999999.0,246.4722766,19153.0,12652.57,129.30206401,0.0
2021-04-22 00:36:14.407582938,1249,1619064000000.0,0.0101369,0.0102357,0.0100871,0.0101866,18050.37,1619067599999.0,183.75016829,15485.0,9106.61,92.72959682,0.0
2021-04-22 01:36:27.677725118,1250,1619067600000.0,0.0101943,0.0103639,0.0101647,0.0103605,25698.47,1619071199999.0,263.99163711,16780.0,16008.0,164.50224211,0.0
2021-04-22 02:36:40.947867299,1251,1619071200000.0,0.01036,0.01041,0.0102301,0.0102677,19742.14,1619074799999.0,203.82877533,15980.0,9627.89,99.45639481,0.0
2021-04-22 03:36:54.218009479,1252,1619074800000.0,0.0102648,0.0103119,0.0102167,0.0102661,14230.53,1619078399999.0,146.0071056,12339.0,7473.26,76.67893168,0.0
2021-04-22 04:37:07.488151659,1253,1619078400000.0,0.0102636,0.0102878,0.010102,0.0101935,29157.08,1619081999999.0,296.14294535,20149.0,16631.72,168.82806655,0.0
2021-04-22 05:37:20.758293839,1254,1619082000000.0,0.0101946,0.0102924,0.0101512,0.0102724,19048.62,1619085599999.0,194.75819843,15024.0,9439.16,96.52108505,0.0
2021-04-22 06:37:34.028436019,1255,1619085600000.0,0.0102723,0.010323,0.0101974,0.0102021,23138.05,1619089199999.0,237.4049884,16267.0,9714.57,99.70052299,0.0
2021-04-22 07:37:47.298578199,1256,1619089200000.0,0.0102017,0.0103877,0.0101566,0.0103866,37241.65,1619092799999.0,383.30840721,24382.0,17567.34,180.8465117,0.0
2021-04-22 08:38:00.568720379,1257,1619092800000.0,0.0103857,0.01051,0.0102803,0.0102933,44428.97,1619096399999.0,462.87907814,31209.0,24198.29,251.98446188,0.0
2021-04-22 09:38:13.838862559,1258,1619096400000.0,0.0102918,0.01043,0.0102767,0.0104078,22664.6,1619099999999.0,234.98618931,17372.0,11491.18,119.11080933,0.0
2021-04-22 10:38:27.109004739,1259,1619100000000.0,0.0104078,0.0105999,0.0103904,0.0105542,27867.5,1619103599999.0,292.05352953,19307.0,15101.82,158.38221117,0.0
2021-04-22 11:38:40.379146919,1260,1619103600000.0,0.0105561,0.0105898,0.0104825,0.0105596,24782.27,1619107199999.0,261.22124541,14349.0,9505.47,100.0987916,0.0
2021-04-22 12:38:53.649289099,1261,1619107200000.0,0.0105597,0.0105891,0.0104008,0.0104607,27272.19,1619110799999.0,286.53006099,19674.0,13106.59,137.73121719,0.0
2021-04-22 13:39:06.919431280,1262,1619110800000.0,0.0104608,0.0105009,0.010185,0.010235,46290.35,1619114399999.0,478.51158494,28327.0,19832.77,205.18673912,0.0
2021-04-22 14:39:20.189573460,1263,1619114400000.0,0.0102329,0.010282,0.0100002,0.0100316,97911.09,1619117999999.0,994.1479123,48412.0,48465.72,491.98355724,0.0
2021-04-22 15:39:33.459715640,1264,1619118000000.0,0.0100316,0.0100606,0.009768,0.0099467,84250.92,1619121599999.0,835.72473816,51415.0,40246.35,399.25274147,0.0
2021-04-22 16:39:46.729857820,1265,1619121600000.0,0.0099443,0.0099677,0.0096867,0.0097545,77636.09,1619125199999.0,762.93711056,47307.0,38353.6,377.09465332,0.0
2021-04-22 17:40:00.000000000,1266,1619125200000.0,0.009759,0.0100573,0.0095,0.0098735,123712.07,1619128799999.0,1212.42811406,74020.0,65530.34,642.20130413,0.0
2021-04-22 18:40:13.270142180,1267,1619128800000.0,0.0098742,0.01,0.00978,0.0098649,39514.62,1619132399999.0,390.84260278,30434.0,18606.24,184.10464156,0.0
2021-04-22 19:40:26.540284360,1268,1619132400000.0,0.009865,0.0099264,0.0097633,0.00977,23308.66,1619135999999.0,229.82704756,19791.0,10639.65,104.97452185,0.0
2021-04-22 20:40:39.810426540,1269,1619136000000.0,0.0097698,0.0099675,0.0096474,0.009781,47313.34,1619139599999.0,463.65857205,35665.0,22204.53,217.6914507,0.0
2021-04-22 21:40:53.080568720,1270,1619139600000.0,0.0097811,0.0098375,0.0092639,0.0095052,91185.21,1619143199999.0,871.53064704,60214.0,42525.29,406.78461197,0.0
2021-04-22 22:41:06.350710900,1271,1619143200000.0,0.0094781,0.0096715,0.0092051,0.0096361,124501.64,1619146799999.0,1174.40628662,72840.0,60421.39,569.86637324,0.0
2021-04-22 23:41:19.620853080,1272,1619146800000.0,0.0096442,0.010064,0.0096019,0.010064,72326.13,1619150399999.0,709.53765831,47230.0,36547.04,358.40340516,0.0
2021-04-23 00:41:32.890995261,1273,1619150400000.0,0.0100626,0.0101029,0.0097297,0.0098206,77365.62,1619153999999.0,766.11739477,45882.0,39145.56,387.69922093,0.0
2021-04-23 01:41:46.161137441,1274,1619154000000.0,0.0098236,0.0100113,0.0096495,0.0098614,73020.37,1619157599999.0,719.78499086,45690.0,37930.05,374.09345767,0.0
2021-04-23 02:41:59.431279621,1275,1619157600000.0,0.0098636,0.0098702,0.0096862,0.0097937,62227.25,1619161199999.0,608.22765874,34365.0,31221.48,305.21504399,0.0
2021-04-23 03:42:12.701421801,1276,1619161200000.0,0.0097859,0.0098745,0.0097,0.009738,56865.13,1619164799999.0,556.28372034,27883.0,28782.9,281.67494654,0.0
2021-04-23 04:42:25.971563981,1277,1619164800000.0,0.0097355,0.0100481,0.0096438,0.010046,56540.88,1619168399999.0,555.06474504,30752.0,31771.55,312.00081837,0.0
2021-04-23 05:42:39.241706161,1278,1619168400000.0,0.0100459,0.0101029,0.0099137,0.0100507,49756.31,1619171999999.0,497.86923922,27603.0,24152.88,241.60614723,0.0
2021-04-23 06:42:52.511848341,1279,1619172000000.0,0.0100509,0.0102654,0.0100104,0.0102654,58408.57,1619175599999.0,592.51677472,27515.0,29051.56,294.5392923,0.0
2021-04-23 07:43:05.781990521,1280,1619175600000.0,0.010265,0.0103767,0.0101466,0.0103417,54467.35,1619179199999.0,560.55355001,28695.0,27242.93,280.38545885,0.0
2021-04-23 08:43:19.052132701,1281,1619179200000.0,0.0103423,0.0104148,0.0099149,0.0100856,69397.89,1619182799999.0,708.56177876,35873.0,29315.81,299.93073323,0.0
2021-04-23 09:43:32.322274881,1282,1619182800000.0,0.0100874,0.0101531,0.009968,0.0100684,55571.89,1619186399999.0,559.56443823,30014.0,23194.74,233.56780107,0.0
2021-04-23 10:43:45.592417062,1283,1619186400000.0,0.0100684,0.0102706,0.0100528,0.0101897,33409.0,1619189999999.0,340.00309461,19504.0,18168.9,184.91382683,0.0
2021-04-23 11:43:58.862559242,1284,1619190000000.0,0.0101897,0.010202,0.0100359,0.0101362,22664.02,1619193599999.0,229.31915512,17426.0,10824.43,109.51934509,0.0
2021-04-23 12:44:12.132701422,1285,1619193600000.0,0.0101349,0.0102682,0.01005,0.0101106,27019.86,1619197199999.0,273.76264915,20802.0,13840.89,140.30287896,0.0
2021-04-23 13:44:25.402843602,1286,1619197200000.0,0.0101105,0.0101556,0.0100508,0.0101253,16706.52,1619200799999.0,168.82749675,14369.0,8985.58,90.83817378,0.0
2021-04-23 14:44:38.672985782,1287,1619200800000.0,0.010125,0.0102743,0.0101193,0.0102733,19613.02,1619204399999.0,200.11183445,15741.0,8906.91,90.8874086,0.0
2021-04-23 15:44:51.943127962,1288,1619204400000.0,0.0102739,0.0103,0.0101506,0.010208,18429.97,1619207999999.0,188.16989938,16025.0,8508.05,86.88805032,0.0
2021-04-23 16:45:05.213270142,1289,1619208000000.0,0.0102088,0.0103812,0.0101772,0.0101862,35859.73,1619211599999.0,369.36849772,25654.0,17802.95,183.35245062,0.0
2021-04-23 17:45:18.483412322,1290,1619211600000.0,0.0101906,0.0103078,0.0100556,0.0100673,30508.18,1619215199999.0,311.99012115,21390.0,9527.51,97.33197179,0.0
2021-04-23 18:45:31.753554502,1291,1619215200000.0,0.0100568,0.0101671,0.010054,0.0101636,13279.86,1619218799999.0,134.3596872,13084.0,7060.09,71.43688657,0.0
2021-04-23 19:45:45.023696682,1292,1619218800000.0,0.0101636,0.0103576,0.0101549,0.0103031,20740.28,1619222399999.0,213.30164241,18109.0,10089.05,103.7544223,0.0
2021-04-23 20:45:58.293838862,1293,1619222400000.0,0.0103031,0.0103105,0.0101083,0.0101237,27249.4,1619225999999.0,278.38688702,20814.0,13639.17,139.35118836,0.0
2021-04-23 21:46:11.563981043,1294,1619226000000.0,0.010124,0.0102491,0.010122,0.0101658,17494.28,1619229599999.0,178.33105017,14669.0,8918.51,90.94583886,0.0
2021-04-23 22:46:24.834123223,1295,1619229600000.0,0.0101683,0.010268,0.0100239,0.0102435,24641.88,1619233199999.0,250.09582104,18224.0,12872.96,130.72105147,0.0
2021-04-23 23:46:38.104265403,1296,1619233200000.0,0.0102475,0.0104951,0.0102303,0.0104394,34939.46,1619236799999.0,362.87172384,23939.0,19657.72,204.18986451,0.0
2021-04-24 00:46:51.374407583,1297,1619236800000.0,0.0104376,0.01046,0.0102801,0.0102903,17643.49,1619240399999.0,183.1133653,12124.0,8212.18,85.29284627,0.0
2021-04-24 01:47:04.644549763,1298,1619240400000.0,0.0102921,0.0103892,0.0102567,0.0103409,17045.42,1619243999999.0,176.05524524,10722.0,8868.04,91.59772431,0.0
2021-04-24 02:47:17.914691943,1299,1619244000000.0,0.0103415,0.010404,0.0103095,0.0103226,13177.39,1619247599999.0,136.47390018,9925.0,6499.07,67.33382339,0.0
2021-04-24 03:47:31.184834123,1300,1619247600000.0,0.010321,0.0103304,0.0102402,0.0103281,16942.35,1619251199999.0,174.25617772,11276.0,7557.83,77.74004593,0.0
2021-04-24 04:47:44.454976303,1301,1619251200000.0,0.0103222,0.0103879,0.0102916,0.0102935,16072.43,1619254799999.0,166.33085751,10034.0,8637.51,89.38688918,0.0
2021-04-24 05:47:57.725118483,1302,1619254800000.0,0.010296,0.0103244,0.0102339,0.0102666,17091.11,1619258399999.0,175.69195588,11218.0,9414.77,96.7864794,0.0
2021-04-24 06:48:10.995260663,1303,1619258400000.0,0.0102669,0.0102698,0.0100824,0.0100825,24010.4,1619261999999.0,244.71962473,15123.0,11613.42,118.42560306,0.0
2021-04-24 07:48:24.265402844,1304,1619262000000.0,0.0100825,0.0101167,0.0099041,0.0099948,51399.5,1619265599999.0,514.35370494,28491.0,24547.78,245.55324793,0.0
2021-04-24 08:48:37.535545024,1305,1619265600000.0,0.0099933,0.010126,0.0099591,0.01012,26404.89,1619269199999.0,265.43283011,15116.0,12645.1,127.11139928,0.0
2021-04-24 09:48:50.805687204,1306,1619269200000.0,0.010116,0.010148,0.0100592,0.01008,12851.92,1619272799999.0,129.95581111,8656.0,6461.15,65.34845125,0.0
2021-04-24 10:49:04.075829384,1307,1619272800000.0,0.0100775,0.0100886,0.0099766,0.0100349,18220.58,1619276399999.0,182.83257317,10777.0,9205.76,92.34595217,0.0
2021-04-24 11:49:17.345971564,1308,1619276400000.0,0.01003,0.0101224,0.0099803,0.0100712,19857.22,1619279999999.0,199.61208226,11150.0,9079.03,91.26029533,0.0
2021-04-24 12:49:30.616113744,1309,1619280000000.0,0.0100716,0.0101,0.0100161,0.0100299,15033.78,1619283599999.0,151.05064696,10046.0,8413.51,84.51183707,0.0
2021-04-24 13:49:43.886255924,1310,1619283600000.0,0.0100272,0.0100727,0.0099698,0.0100525,13552.31,1619287199999.0,135.73633809,10499.0,6745.5,67.57645258,0.0
2021-04-24 14:49:57.156398104,1311,1619287200000.0,0.0100535,0.0100735,0.0099656,0.0099761,10923.62,1619290799999.0,109.37829467,8464.0,4839.46,48.46716733,0.0
2021-04-24 15:50:10.426540284,1312,1619290800000.0,0.0099776,0.0100384,0.0099624,0.0099718,11350.66,1619294399999.0,113.56819348,8682.0,5528.12,55.3072852,0.0
2021-04-24 16:50:23.696682464,1313,1619294400000.0,0.0099696,0.009975,0.009917,0.0099714,11475.61,1619297999999.0,114.09883422,9423.0,5024.34,49.96976664,0.0
2021-04-24 17:50:36.966824644,1314,1619298000000.0,0.0099743,0.0100297,0.009926,0.010006,13677.44,1619301599999.0,136.42622061,10105.0,5993.83,59.82170185,0.0
2021-04-24 18:50:50.236966825,1315,1619301600000.0,0.010006,0.010032,0.0099577,0.0099851,10825.5,1619305199999.0,108.16037594,9565.0,5128.97,51.25349989,0.0
2021-04-24 19:51:03.507109005,1316,1619305200000.0,0.0099856,0.01002,0.0099,0.0099234,12658.9,1619308799999.0,126.01302346,9201.0,5989.96,59.64546837,0.0
2021-04-24 20:51:16.777251185,1317,1619308800000.0,0.0099276,0.0100297,0.0098822,0.0098939,28634.17,1619312399999.0,285.12266596,10205.0,12135.21,120.84620385,0.0
2021-04-24 21:51:30.047393365,1318,1619312400000.0,0.0098938,0.0099526,0.00982,0.009865,14669.05,1619315999999.0,145.13101221,9413.0,6938.05,68.6516019,0.0
2021-04-24 22:51:43.317535545,1319,1619316000000.0,0.009865,0.0098799,0.0098015,0.0098103,10247.81,1619319599999.0,100.7796143,7965.0,5042.56,49.59245611,0.0
2021-04-24 23:51:56.587677725,1320,1619319600000.0,0.009814,0.0098624,0.0097795,0.0098024,16032.27,1619323199999.0,157.44924717,7574.0,7500.71,73.65380897,0.0
2021-04-25 00:52:09.857819905,1321,1619323200000.0,0.0097984,0.0098154,0.0097891,0.0098154,200.44,1619323257898.0,1.96364651,89.0,75.54,0.74060932,0.0
2021-04-25 01:52:23.127962085,1322,1619337600000.0,0.0098159,0.0100036,0.0098097,0.0099771,7903.38,1619341199999.0,78.66699839,5854.0,3132.54,31.14522496,0.0
2021-04-25 02:52:36.398104265,1323,1619341200000.0,0.009977,0.0100477,0.009941,0.0100357,15495.2,1619344799999.0,154.79957042,13507.0,7940.92,79.33984268,0.0
2021-04-25 03:52:49.668246445,1324,1619344800000.0,0.010036,0.010077,0.0099899,0.0100454,13092.78,1619348399999.0,131.53108232,8372.0,5694.91,57.22553261,0.0
2021-04-25 04:53:02.938388626,1325,1619348400000.0,0.0100453,0.010138,0.010037,0.010109,18667.85,1619351999999.0,188.35103196,7705.0,11134.77,112.36193799,0.0
2021-04-25 05:53:16.208530806,1326,1619352000000.0,0.01011,0.0102169,0.01011,0.0101593,42482.54,1619355599999.0,431.75809476,11256.0,15774.88,160.30507301,0.0
2021-04-25 06:53:29.478672986,1327,1619355600000.0,0.0101543,0.0102236,0.010108,0.0101686,42789.81,1619359199999.0,435.41886673,11362.0,28740.05,292.51398148,0.0
2021-04-25 07:53:42.748815166,1328,1619359200000.0,0.0101686,0.0102609,0.0101365,0.0102263,35636.2,1619362799999.0,362.9888237,10635.0,20190.88,205.5764526,0.0
2021-04-25 08:53:56.018957346,1329,1619362800000.0,0.0102264,0.0102539,0.0101602,0.01019,38463.58,1619366399999.0,392.7472603,10839.0,20771.92,212.11705604,0.0
2021-04-25 09:54:09.289099526,1330,1619366400000.0,0.0101883,0.010217,0.0101333,0.010184,34953.9,1619369999999.0,355.87445255,9546.0,17836.62,181.62819755,0.0
2021-04-25 10:54:22.559241706,1331,1619370000000.0,0.0101849,0.0102454,0.0101771,0.010219,39959.36,1619373599999.0,408.08018929,10281.0,20555.93,209.87245751,0.0
2021-04-25 11:54:35.829383886,1332,1619373600000.0,0.010218,0.0102228,0.01008,0.010111,37397.72,1619377199999.0,379.1873327,10597.0,17669.54,179.14448935,0.0
2021-04-25 12:54:49.099526066,1333,1619377200000.0,0.0101111,0.010144,0.0100182,0.010047,32898.64,1619380799999.0,331.99230628,8566.0,11023.08,111.23879414,0.0
2021-04-25 13:55:02.369668246,1334,1619380800000.0,0.0100415,0.0101585,0.01001,0.0101466,43575.52,1619384399999.0,439.30734209,13008.0,20084.62,202.5942119,0.0
2021-04-25 14:55:15.639810426,1335,1619384400000.0,0.0101413,0.0102357,0.0101083,0.0101809,51986.11,1619387999999.0,528.87753455,21549.0,29683.05,301.99579997,0.0
2021-04-25 15:55:28.909952607,1336,1619388000000.0,0.0101793,0.010344,0.01013,0.0103136,53375.53,1619391599999.0,548.81691772,22488.0,27808.08,286.24569183,0.0
2021-04-25 16:55:42.180094787,1337,1619391600000.0,0.0103173,0.0103843,0.0102607,0.0102933,37908.49,1619395199999.0,391.26540253,10951.0,17813.59,183.81473975,0.0
2021-04-25 17:55:55.450236967,1338,1619395200000.0,0.010292,0.0103333,0.0101465,0.0101997,41466.42,1619398799999.0,424.564573,15588.0,20046.69,205.29626358,0.0
2021-04-25 18:56:08.720379147,1339,1619398800000.0,0.0101982,0.0103345,0.0101754,0.0101803,36924.55,1619402399999.0,378.60291521,16167.0,18012.4,184.66562888,0.0
2021-04-25 19:56:21.990521327,1340,1619402400000.0,0.0101808,0.0101971,0.0100226,0.0101903,28201.54,1619405999999.0,285.20672895,17285.0,12745.51,128.93433605,0.0
2021-04-25 20:56:35.260663507,1341,1619406000000.0,0.0101883,0.0101991,0.010107,0.0101756,14360.88,1619409599999.0,145.99840395,8364.0,6351.53,64.56523794,0.0
2021-04-25 21:56:48.530805687,1342,1619409600000.0,0.0101708,0.0102327,0.010088,0.010093,14050.71,1619413199999.0,142.67874298,9144.0,6621.29,67.235753,0.0
2021-04-25 22:57:01.800947867,1343,1619413200000.0,0.010093,0.0101683,0.010051,0.0101469,13275.52,1619416799999.0,134.24446061,8671.0,6033.52,61.03370391,0.0
2021-04-25 23:57:15.071090047,1344,1619416800000.0,0.0101445,0.0104134,0.0101412,0.010277,36144.97,1619420399999.0,372.70393612,21157.0,18279.67,188.50109257,0.0
2021-04-26 00:57:28.341232227,1345,1619420400000.0,0.0102727,0.0102984,0.0101882,0.0102088,16175.5,1619423999999.0,165.63812852,11200.0,8412.53,86.15296574,0.0
2021-04-26 01:57:41.611374408,1346,1619424000000.0,0.0102072,0.0102653,0.010185,0.0102072,13032.97,1619427599999.0,133.1977167,8083.0,6199.67,63.34996082,0.0
2021-04-26 02:57:54.881516588,1347,1619427600000.0,0.0102071,0.0102478,0.0101375,0.0101687,13192.53,1619431199999.0,134.23609325,9703.0,6101.84,62.10082746,0.0
2021-04-26 03:58:08.151658768,1348,1619431200000.0,0.0101687,0.0101987,0.0101001,0.0101154,13149.16,1619434799999.0,133.34720458,8943.0,7055.08,71.54305079,0.0
2021-04-26 04:58:21.421800948,1349,1619434800000.0,0.0101127,0.0101807,0.0101,0.0101,10579.69,1619438399999.0,107.33141071,7406.0,4319.94,43.82516477,0.0
2021-04-26 05:58:34.691943128,1350,1619438400000.0,0.010105,0.010126,0.009992,0.009997,24218.9,1619441999999.0,243.14199492,13346.0,14917.82,149.67117917,0.0
2021-04-26 06:58:47.962085308,1351,1619442000000.0,0.009997,0.010042,0.0099616,0.009969,12321.4,1619445599999.0,123.17263191,9497.0,5293.27,52.93557959,0.0
2021-04-26 07:59:01.232227488,1352,1619445600000.0,0.009974,0.010001,0.00993,0.009972,13392.38,1619449199999.0,133.48898329,9598.0,7031.94,70.11156082,0.0
2021-04-26 08:59:14.502369668,1353,1619449200000.0,0.009972,0.010041,0.00994,0.010041,10860.05,1619452799999.0,108.500368,9014.0,5128.61,51.2510016,0.0
2021-04-26 09:59:27.772511848,1354,1619452800000.0,0.010041,0.01005,0.009943,0.01,8785.57,1619456399999.0,87.86678985,9733.0,4177.87,41.77879423,0.0
2021-04-26 10:59:41.042654028,1355,1619456400000.0,0.010005,0.010005,0.009921,0.009963,10239.25,1619459999999.0,101.93954232,8350.0,5553.18,55.28707137,0.0
2021-04-26 11:59:54.312796208,1356,1619460000000.0,0.009964,0.010012,0.00996,0.009999,8525.5,1619463599999.0,85.14629463,8506.0,4247.58,42.42494389,0.0
2021-04-26 13:00:07.582938389,1357,1619463600000.0,0.009996,0.010003,0.009943,0.009951,8723.42,1619467199999.0,87.00525161,8559.0,4391.48,43.8118076,0.0
2021-04-26 14:00:20.853080569,1358,1619467200000.0,0.00995,0.009999,0.009925,0.009934,9935.38,1619470799999.0,98.9262728,9624.0,4655.56,46.36764399,0.0
2021-04-26 15:00:34.123222749,1359,1619470800000.0,0.009934,0.009952,0.00979,0.009803,22232.54,1619474399999.0,219.08490443,18825.0,9916.34,97.7770272,0.0
2021-04-26 16:00:47.393364929,1360,1619474400000.0,0.009802,0.00986,0.00972,0.009857,25810.54,1619477999999.0,252.46642605,17972.0,10657.49,104.27167964,0.0
2021-04-26 17:01:00.663507109,1361,1619478000000.0,0.009856,0.009921,0.009819,0.009912,11777.84,1619481599999.0,116.09938979,10558.0,6258.07,61.70796192,0.0
2021-04-26 18:01:13.933649289,1362,1619481600000.0,0.009913,0.009916,0.009768,0.009858,20668.18,1619485199999.0,203.27720742,12544.0,10985.69,108.07126878,0.0
2021-04-26 19:01:27.203791469,1363,1619485200000.0,0.009856,0.009916,0.009818,0.009884,12102.54,1619488799999.0,119.64956893,6938.0,4350.05,42.9936505,0.0
2021-04-26 20:01:40.473933649,1364,1619488800000.0,0.009884,0.009935,0.009863,0.009928,9832.11,1619492399999.0,97.33656466,6622.0,4736.81,46.89794516,0.0
2021-04-26 21:01:53.744075829,1365,1619492400000.0,0.009929,0.009932,0.009849,0.009913,11132.08,1619495999999.0,110.06072335,6547.0,5617.25,55.53315753,0.0
2021-04-26 22:02:07.014218009,1366,1619496000000.0,0.009915,0.009952,0.009862,0.009939,9615.01,1619499599999.0,95.23442439,6000.0,3939.86,39.0297949,0.0
2021-04-26 23:02:20.284360189,1367,1619499600000.0,0.009939,0.010018,0.009873,0.009991,18415.2,1619503199999.0,183.37981617,10622.0,8025.76,79.88693323,0.0
2021-04-27 00:02:33.554502370,1368,1619503200000.0,0.009987,0.009996,0.00987,0.009914,19557.52,1619506799999.0,193.93444214,9839.0,9446.27,93.68622311,0.0
2021-04-27 01:02:46.824644550,1369,1619506800000.0,0.009916,0.009974,0.009872,0.009905,13625.55,1619510399999.0,135.20130466,7871.0,6774.7,67.23434486,0.0
2021-04-27 02:03:00.094786730,1370,1619510400000.0,0.009902,0.009948,0.009887,0.009922,14386.03,1619513999999.0,142.66767342,7466.0,7141.83,70.83131156,0.0
2021-04-27 03:03:13.364928910,1371,1619514000000.0,0.00992,0.010218,0.009917,0.010199,35275.18,1619517599999.0,355.79023505,19222.0,18742.92,188.9587341,0.0
2021-04-27 04:03:26.635071090,1372,1619517600000.0,0.010199,0.010352,0.010153,0.010348,41992.37,1619521199999.0,431.5366958,19287.0,21464.28,220.67396595,0.0
2021-04-27 05:03:39.905213270,1373,1619521200000.0,0.010352,0.0104842,0.010303,0.010437,73284.79,1619524799999.0,762.19850716,28193.0,34963.68,363.81308953,0.0
2021-04-27 06:03:53.175355450,1374,1619524800000.0,0.010438,0.010456,0.010318,0.010412,31402.38,1619528399999.0,326.2356527,17069.0,15721.18,163.28358721,0.0
2021-04-27 07:04:06.445497630,1375,1619528400000.0,0.010411,0.010533,0.01025,0.010292,40552.63,1619531999999.0,422.16467696,24927.0,20324.98,211.71036082,0.0
2021-04-27 08:04:19.715639810,1376,1619532000000.0,0.010294,0.010367,0.010164,0.010326,32830.0,1619535599999.0,336.9945237,19125.0,15693.39,161.18996597,0.0
2021-04-27 09:04:32.985781990,1377,1619535600000.0,0.010324,0.01038,0.010256,0.010311,17888.0,1619539199999.0,184.44700344,13079.0,9276.27,95.67261436,0.0
2021-04-27 10:04:46.255924171,1378,1619539200000.0,0.010312,0.010333,0.010183,0.010225,15921.13,1619542799999.0,163.23596837,14211.0,7395.64,75.84079382,0.0
2021-04-27 11:04:59.526066351,1379,1619542800000.0,0.010225,0.010276,0.0102,0.010249,12146.57,1619546399999.0,124.32451163,11130.0,6111.54,62.57359549,0.0
2021-04-27 12:05:12.796208531,1380,1619546400000.0,0.010249,0.010297,0.010207,0.010285,10098.36,1619549999999.0,103.52322175,10369.0,4810.95,49.3169688,0.0
2021-04-27 13:05:26.066350711,1381,1619550000000.0,0.010284,0.010299,0.010204,0.010256,7996.57,1619553599999.0,81.9265996,9269.0,3367.52,34.49928208,0.0
2021-04-27 14:05:39.336492891,1382,1619553600000.0,0.010257,0.01027,0.010183,0.010217,9181.48,1619557199999.0,93.86575817,9863.0,4615.84,47.19570265,0.0
2021-04-27 15:05:52.606635071,1383,1619557200000.0,0.010219,0.010284,0.010207,0.010283,11613.82,1619560799999.0,119.06099121,9251.0,5176.15,53.06120026,0.0
2021-04-27 16:06:05.876777251,1384,1619560800000.0,0.010283,0.010429,0.010283,0.010362,23589.39,1619564399999.0,244.64458963,16526.0,11862.57,123.0353548,0.0
2021-04-27 17:06:19.146919431,1385,1619564400000.0,0.010362,0.01043,0.010289,0.010341,12632.68,1619567999999.0,130.87454412,10781.0,6099.55,63.23400372,0.0
2021-04-27 18:06:32.417061611,1386,1619568000000.0,0.01034,0.010456,0.010313,0.010392,20764.75,1619571599999.0,215.67944478,13642.0,9639.5,100.03909071,0.0
2021-04-27 19:06:45.687203791,1387,1619571600000.0,0.01039,0.010422,0.010332,0.010369,11444.29,1619575199999.0,118.79903792,9394.0,5877.88,61.01939191,0.0
2021-04-27 20:06:58.957345971,1388,1619575200000.0,0.010369,0.010371,0.010276,0.010281,9936.71,1619578799999.0,102.59410111,8786.0,5216.32,53.87251778,0.0
2021-04-27 21:07:12.227488152,1389,1619578800000.0,0.010282,0.010301,0.0102,0.01022,21010.68,1619582399999.0,215.27594793,12844.0,10709.63,109.7594553,0.0
2021-04-27 22:07:25.497630332,1390,1619582400000.0,0.01022,0.010281,0.01021,0.010255,9587.61,1619585999999.0,98.33709846,6684.0,4175.63,42.81531507,0.0
2021-04-27 23:07:38.767772512,1391,1619586000000.0,0.010254,0.01028,0.01017,0.010198,10598.25,1619589599999.0,108.26693981,8247.0,4699.85,48.00940985,0.0
2021-04-28 00:07:52.037914692,1392,1619589600000.0,0.010197,0.010204,0.009996,0.010131,40573.34,1619593199999.0,409.15457107,19810.0,18858.36,190.17413991,0.0
2021-04-28 01:08:05.308056872,1393,1619593200000.0,0.010132,0.010256,0.010101,0.010221,21145.32,1619596799999.0,215.84668657,9921.0,11794.52,120.40980256,0.0
2021-04-28 02:08:18.578199052,1394,1619596800000.0,0.010221,0.010264,0.010185,0.010189,11777.91,1619600399999.0,120.542423,8069.0,6188.03,63.35657429,0.0
2021-04-28 03:08:31.848341232,1395,1619600400000.0,0.010189,0.010214,0.010055,0.010106,19112.25,1619603999999.0,193.5718341,12945.0,7716.31,78.15754515,0.0
2021-04-28 04:08:45.118483412,1396,1619604000000.0,0.010105,0.010208,0.010083,0.0102,16081.66,1619607599999.0,163.48650248,8445.0,4604.52,46.79858136,0.0
2021-04-28 05:08:58.388625592,1397,1619607600000.0,0.010201,0.010249,0.010187,0.010211,10236.94,1619611199999.0,104.62506599,8563.0,4693.99,47.97842813,0.0
2021-04-28 06:09:11.658767772,1398,1619611200000.0,0.01021,0.010249,0.010163,0.010242,15814.47,1619614799999.0,161.40836372,10115.0,5914.5,60.37363675,0.0
2021-04-28 07:09:24.928909953,1399,1619614800000.0,0.010245,0.010249,0.010185,0.010241,8728.89,1619618399999.0,89.24704701,7795.0,4159.44,42.5299183,0.0
2021-04-28 08:09:38.199052133,1400,1619618400000.0,0.010241,0.010251,0.010148,0.010152,9630.59,1619621999999.0,98.16927823,8268.0,4493.92,45.81495201,0.0
2021-04-28 09:09:51.469194313,1401,1619622000000.0,0.010152,0.010223,0.010133,0.010218,11000.43,1619625599999.0,111.98479132,8811.0,5113.86,52.04580191,0.0
2021-04-28 10:10:04.739336493,1402,1619625600000.0,0.010217,0.010255,0.010174,0.010217,8602.59,1619629199999.0,87.85298201,8098.0,4342.23,44.35540931,0.0
2021-04-28 11:10:18.009478673,1403,1619629200000.0,0.010218,0.010221,0.010157,0.010177,8464.62,1619632799999.0,86.22349913,8147.0,3469.61,35.34741663,0.0
2021-04-28 12:10:31.279620853,1404,1619632800000.0,0.010175,0.010239,0.010172,0.010185,8641.17,1619636399999.0,88.21301829,8233.0,4522.82,46.18293626,0.0
2021-04-28 13:10:44.549763033,1405,1619636400000.0,0.010185,0.010234,0.010169,0.010173,9285.2,1619639999999.0,94.71539324,7642.0,5304.95,54.13230053,0.0
2021-04-28 14:10:57.819905213,1406,1619640000000.0,0.010173,0.01028,0.010035,0.010236,29009.36,1619643599999.0,294.96132334,23328.0,15639.45,159.32470498,0.0
2021-04-28 15:11:11.090047393,1407,1619643600000.0,0.010234,0.010275,0.010225,0.010236,7362.71,1619647199999.0,75.46885743,7492.0,3214.44,32.95768732,0.0
2021-04-28 16:11:24.360189573,1408,1619647200000.0,0.010235,0.010277,0.010202,0.010231,8330.26,1619650799999.0,85.25002222,7067.0,3885.78,39.77953312,0.0
2021-04-28 17:11:37.630331753,1409,1619650800000.0,0.010232,0.010277,0.010207,0.010259,5769.97,1619654399999.0,59.0596727,5765.0,2858.29,29.26092663,0.0
2021-04-28 18:11:50.900473934,1410,1619654400000.0,0.010262,0.010466,0.010241,0.010406,26281.47,1619657999999.0,272.63494849,17753.0,14275.36,148.07138606,0.0
2021-04-28 19:12:04.170616114,1411,1619658000000.0,0.010406,0.01045,0.010272,0.010375,21409.86,1619661599999.0,221.87389844,14597.0,11702.12,121.27271219,0.0
2021-04-28 20:12:17.440758294,1412,1619661600000.0,0.010375,0.01044,0.010335,0.010431,12407.51,1619665199999.0,128.92088021,10766.0,6361.42,66.09422606,0.0
2021-04-28 21:12:30.710900474,1413,1619665200000.0,0.010431,0.010564,0.010416,0.010493,23635.7,1619668799999.0,248.01456059,14785.0,14402.76,151.16646814,0.0
2021-04-28 22:12:43.981042654,1414,1619668800000.0,0.010491,0.010514,0.010351,0.01037,17600.89,1619672399999.0,183.42465796,11946.0,8378.34,87.27439111,0.0
2021-04-28 23:12:57.251184834,1415,1619672400000.0,0.01037,0.010469,0.010365,0.01044,14913.5,1619675999999.0,155.40502946,10613.0,8575.13,89.38802184,0.0
2021-04-29 00:13:10.521327014,1416,1619676000000.0,0.010439,0.010485,0.010401,0.010462,13884.56,1619679599999.0,145.16998199,10911.0,7369.82,77.06385357,0.0
2021-04-29 01:13:23.791469194,1417,1619679600000.0,0.010462,0.010611,0.010414,0.010604,29720.46,1619683199999.0,312.63677215,15798.0,16952.67,178.41496872,0.0
2021-04-29 02:13:37.061611374,1418,1619683200000.0,0.010606,0.0107001,0.010601,0.01066,29478.7,1619686799999.0,314.1275948,17448.0,14078.94,150.06091652,0.0
2021-04-29 03:13:50.331753554,1419,1619686800000.0,0.01066,0.0107948,0.010603,0.010755,33096.7,1619690399999.0,354.8249043,20159.0,15179.07,162.73945673,0.0
2021-04-29 04:14:03.601895735,1420,1619690400000.0,0.010755,0.011142,0.010733,0.010947,75330.08,1619693999999.0,825.95811753,37980.0,42480.56,465.43322623,0.0
2021-04-29 05:14:16.872037915,1421,1619694000000.0,0.010949,0.01103,0.010849,0.010969,35367.39,1619697599999.0,386.84845652,23859.0,16800.08,183.85311657,0.0
2021-04-29 06:14:30.142180095,1422,1619697600000.0,0.010968,0.0113,0.010919,0.011208,60868.74,1619701199999.0,678.14023571,33863.0,33367.22,371.63877889,0.0
2021-04-29 07:14:43.412322275,1423,1619701200000.0,0.011209,0.011268,0.011091,0.011114,37884.86,1619704799999.0,423.50972845,27015.0,19153.2,214.17301647,0.0
2021-04-29 08:14:56.682464455,1424,1619704800000.0,0.011111,0.011226,0.011032,0.011049,24980.34,1619708399999.0,278.15955541,18862.0,12108.0,134.88462018,0.0
2021-04-29 09:15:09.952606635,1425,1619708400000.0,0.011049,0.011071,0.010975,0.010975,25223.85,1619711999999.0,278.13442572,17975.0,12340.95,136.06619916,0.0
2021-04-29 10:15:23.222748815,1426,1619712000000.0,0.010975,0.011003,0.010764,0.01077,29819.73,1619715599999.0,324.33819986,18968.0,13633.43,148.2639592,0.0
2021-04-29 11:15:36.492890995,1427,1619715600000.0,0.010773,0.01097,0.01074,0.010849,27554.81,1619719199999.0,299.95492868,19028.0,13597.03,148.09324398,0.0
2021-04-29 12:15:49.763033175,1428,1619719200000.0,0.010854,0.011016,0.010843,0.010996,22121.52,1619722799999.0,241.96282746,14658.0,9136.72,99.80369844,0.0
2021-04-29 13:16:03.033175355,1429,1619722800000.0,0.011001,0.01102,0.010935,0.010982,15636.63,1619726399999.0,171.65570469,12208.0,6376.41,70.0010656,0.0
2021-04-29 14:16:16.303317535,1430,1619726400000.0,0.010983,0.011039,0.010907,0.010991,20692.18,1619729999999.0,226.95718129,14752.0,10647.61,116.76950973,0.0
2021-04-29 15:16:29.573459716,1431,1619730000000.0,0.010987,0.011124,0.010965,0.011077,22203.95,1619733599999.0,245.39586311,13235.0,8488.77,93.83749557,0.0
2021-04-29 16:16:42.843601896,1432,1619733600000.0,0.011077,0.011217,0.011041,0.011127,15955.5,1619737199999.0,177.86840108,13626.0,7803.23,86.99865014,0.0
2021-04-29 17:16:56.113744076,1433,1619737200000.0,0.011125,0.01123,0.011087,0.011201,14051.62,1619740799999.0,156.93244902,12342.0,6783.21,75.74729078,0.0
2021-04-29 18:17:09.383886256,1434,1619740800000.0,0.011206,0.011215,0.01101,0.011026,27936.24,1619744399999.0,309.69925377,17094.0,13305.97,147.56562087,0.0
2021-04-29 19:17:22.654028436,1435,1619744400000.0,0.01103,0.01119,0.010994,0.011156,18134.73,1619747999999.0,201.51575244,12245.0,8147.35,90.49708434,0.0
2021-04-29 20:17:35.924170616,1436,1619748000000.0,0.011155,0.011435,0.011103,0.011398,45159.16,1619751599999.0,510.04821234,26548.0,19173.0,216.4565316,0.0
2021-04-29 21:17:49.194312796,1437,1619751600000.0,0.011398,0.011402,0.011224,0.011267,28525.03,1619755199999.0,322.58959887,17353.0,14087.19,159.20705717,0.0
2021-04-29 22:18:02.464454976,1438,1619755200000.0,0.011266,0.011307,0.011102,0.011197,43213.89,1619758799999.0,483.95172317,20902.0,24172.33,270.6476749,0.0
2021-04-29 23:18:15.734597156,1439,1619758800000.0,0.011198,0.011256,0.01114,0.011184,22664.48,1619762399999.0,253.70621129,13737.0,12022.92,134.58237606,0.0
2021-04-30 00:18:29.004739336,1440,1619762400000.0,0.011184,0.01141,0.011176,0.011354,37939.5,1619765999999.0,430.08758152,22438.0,19134.09,216.827633,0.0
2021-04-30 01:18:42.274881517,1441,1619766000000.0,0.011353,0.011394,0.011294,0.011353,28310.59,1619769599999.0,321.31448448,13969.0,11733.31,133.14757072,0.0
2021-04-30 02:18:55.545023697,1442,1619769600000.0,0.011353,0.011366,0.011236,0.011261,28566.33,1619773199999.0,322.55640772,13782.0,10012.24,113.03912389,0.0
2021-04-30 03:19:08.815165877,1443,1619773200000.0,0.01126,0.011385,0.011259,0.01137,27411.63,1619776799999.0,310.33490315,19101.0,15366.93,174.02845861,0.0
2021-04-30 04:19:22.085308057,1444,1619776800000.0,0.011371,0.011408,0.011174,0.01121,37067.8,1619780399999.0,419.04521008,18946.0,19000.35,214.75099762,0.0
2021-04-30 05:19:35.355450237,1445,1619780400000.0,0.011207,0.011268,0.011072,0.011121,31533.77,1619783999999.0,353.03775831,19061.0,16407.75,183.81065669,0.0
2021-04-30 06:19:48.625592417,1446,1619784000000.0,0.01112,0.0112,0.011099,0.011182,22589.54,1619787599999.0,251.94895567,13482.0,11290.71,125.94963702,0.0
2021-04-30 07:20:01.895734597,1447,1619787600000.0,0.011182,0.011189,0.010787,0.010798,75608.52,1619791199999.0,826.99628444,34435.0,40288.5,440.66000307,0.0
2021-04-30 08:20:15.165876777,1448,1619791200000.0,0.0108,0.01086,0.010663,0.010747,68784.2,1619794799999.0,739.78697079,28560.0,44529.03,478.81913236,0.0
2021-04-30 09:20:28.436018957,1449,1619794800000.0,0.010747,0.010785,0.010578,0.010605,41510.25,1619798399999.0,442.83308914,22518.0,21256.49,226.92369147,0.0
2021-04-30 10:20:41.706161137,1450,1619798400000.0,0.010605,0.010833,0.010538,0.010793,55497.12,1619801999999.0,595.66190366,23981.0,27475.48,294.94179387,0.0
2021-04-30 11:20:54.976303317,1451,1619802000000.0,0.010792,0.010881,0.01077,0.010869,19208.26,1619805599999.0,208.03430126,12115.0,9010.53,97.58574237,0.0
2021-04-30 12:21:08.246445498,1452,1619805600000.0,0.010868,0.011072,0.010837,0.011004,42421.79,1619809199999.0,464.33127365,20996.0,22183.62,242.91184562,0.0
2021-04-30 13:21:21.516587678,1453,1619809200000.0,0.011009,0.011059,0.010909,0.010981,25883.56,1619812799999.0,284.46145654,16311.0,12374.15,135.96241013,0.0
2021-04-30 14:21:34.786729858,1454,1619812800000.0,0.010982,0.010986,0.010844,0.010948,25826.7,1619816399999.0,282.09375115,13949.0,11147.65,121.79532037,0.0
2021-04-30 15:21:48.056872038,1455,1619816400000.0,0.010949,0.010953,0.010835,0.01089,21229.61,1619819999999.0,231.15737168,7853.0,9913.8,107.95359767,0.0
2021-04-30 16:22:01.327014218,1456,1619820000000.0,0.01089,0.010894,0.010742,0.010832,22229.71,1619823599999.0,240.64013049,10744.0,11138.75,120.63030427,0.0
2021-04-30 17:22:14.597156398,1457,1619823600000.0,0.010834,0.010862,0.010741,0.010791,21847.37,1619827199999.0,235.97389994,10243.0,12266.41,132.43265848,0.0
2021-04-30 18:22:27.867298578,1458,1619827200000.0,0.010794,0.010802,0.010603,0.010773,47339.92,1619830799999.0,507.49895062,17281.0,23506.9,251.90386383,0.0
2021-04-30 19:22:41.137440758,1459,1619830800000.0,0.010776,0.010804,0.01055,0.010609,40543.83,1619834399999.0,433.24527996,12033.0,22194.71,237.30988531,0.0
2021-04-30 20:22:54.407582938,1460,1619834400000.0,0.010609,0.01104,0.010601,0.010962,78160.13,1619837999999.0,850.69362769,25604.0,36868.29,400.33661162,0.0
2021-04-30 21:23:07.677725118,1461,1619838000000.0,0.010961,0.011049,0.010898,0.01093,21631.53,1619841599999.0,237.06578503,10868.0,10358.84,113.59284548,0.0
2021-04-30 22:23:20.947867298,1462,1619841600000.0,0.010931,0.010983,0.010846,0.01088,28312.17,1619845199999.0,309.12163215,7954.0,10996.94,120.04979879,0.0
2021-04-30 23:23:34.218009479,1463,1619845200000.0,0.010882,0.010928,0.010836,0.010875,19541.72,1619848799999.0,212.84219984,7345.0,13323.35,145.11728743,0.0
2021-05-01 00:23:47.488151659,1464,1619848800000.0,0.010876,0.01089,0.010795,0.010828,40256.0,1619852399999.0,436.48185076,9804.0,24414.1,264.731309,0.0
2021-05-01 01:24:00.758293839,1465,1619852400000.0,0.010829,0.010854,0.01078,0.010847,25109.39,1619855999999.0,271.77290241,7607.0,13334.9,144.32634603,0.0
2021-05-01 02:24:14.028436019,1466,1619856000000.0,0.010846,0.010912,0.010815,0.010821,12070.37,1619859599999.0,131.11902126,8076.0,7406.13,80.44465334,0.0
2021-05-01 03:24:27.298578199,1467,1619859600000.0,0.010816,0.010827,0.010657,0.010752,23244.64,1619863199999.0,249.52159881,15047.0,10140.59,108.86844106,0.0
2021-05-01 04:24:40.568720379,1468,1619863200000.0,0.010749,0.010824,0.010712,0.010814,11311.67,1619866799999.0,121.70242661,7721.0,6665.69,71.71085009,0.0
2021-05-01 05:24:53.838862559,1469,1619866800000.0,0.010814,0.010867,0.010801,0.010845,9132.36,1619870399999.0,98.9323101,6717.0,4277.36,46.34483873,0.0
2021-05-01 06:25:07.109004739,1470,1619870400000.0,0.010845,0.010873,0.010801,0.010818,7285.38,1619873999999.0,78.91436015,6197.0,3351.75,36.31878109,0.0
2021-05-01 07:25:20.379146919,1471,1619874000000.0,0.010816,0.01082,0.01075,0.010807,10293.87,1619877599999.0,110.98625086,6945.0,4905.36,52.88972599,0.0
2021-05-01 08:25:33.649289099,1472,1619877600000.0,0.010804,0.01082,0.01073,0.010752,10415.76,1619881199999.0,112.17857505,7373.0,5654.43,60.89707172,0.0
2021-05-01 09:25:46.919431280,1473,1619881200000.0,0.010751,0.010804,0.010719,0.010801,10948.88,1619884799999.0,117.78423794,7610.0,5101.2,54.87577952,0.0
2021-05-01 10:26:00.189573460,1474,1619884800000.0,0.0108,0.01087,0.010793,0.01086,15297.31,1619888399999.0,165.67681881,9511.0,6285.3,68.07775912,0.0
2021-05-01 11:26:13.459715640,1475,1619888400000.0,0.010858,0.01087,0.010749,0.010803,15386.52,1619891999999.0,166.05204264,9273.0,7508.53,81.02355143,0.0
2021-05-01 12:26:26.729857820,1476,1619892000000.0,0.010803,0.010872,0.010773,0.010854,16829.34,1619895599999.0,182.14341226,9257.0,7782.06,84.21621782,0.0
2021-05-01 13:26:40.000000000,1477,1619895600000.0,0.010852,0.010862,0.010736,0.010756,11876.43,1619899199999.0,128.04488939,9919.0,4813.38,51.90005829,0.0
2021-05-01 14:26:53.270142180,1478,1619899200000.0,0.010759,0.010793,0.010731,0.010777,9268.07,1619902799999.0,99.71764754,8099.0,4053.64,43.6281845,0.0
2021-05-01 15:27:06.540284360,1479,1619902800000.0,0.010777,0.0108,0.010739,0.010741,10315.04,1619906399999.0,111.15045499,6823.0,5181.93,55.84477498,0.0
2021-05-01 16:27:19.810426540,1480,1619906400000.0,0.01074,0.010804,0.010737,0.010782,5794.71,1619909999999.0,62.39830168,6265.0,2880.96,31.03354691,0.0
2021-05-01 17:27:33.080568720,1481,1619910000000.0,0.010782,0.010785,0.01069,0.010731,8684.42,1619913599999.0,93.16571346,7328.0,3173.34,34.04799109,0.0
2021-05-01 18:27:46.350710900,1482,1619913600000.0,0.010732,0.010882,0.01069,0.010746,19051.98,1619917199999.0,205.62441475,12948.0,10737.88,115.96569618,0.0
2021-05-01 19:27:59.620853080,1483,1619917200000.0,0.010744,0.010797,0.010705,0.010736,12117.38,1619920799999.0,130.24642266,7085.0,6947.85,74.68955376,0.0
2021-05-01 20:28:12.890995261,1484,1619920800000.0,0.010736,0.010776,0.010676,0.010695,14339.34,1619924399999.0,153.73030065,6052.0,9248.81,99.14944878,0.0
2021-05-01 21:28:26.161137441,1485,1619924400000.0,0.010693,0.010753,0.010641,0.010683,24074.46,1619927999999.0,257.51327392,11006.0,12993.89,139.02059982,0.0
2021-05-01 22:28:39.431279621,1486,1619928000000.0,0.010683,0.010758,0.010574,0.010748,24198.42,1619931599999.0,258.80719374,11254.0,11948.84,127.77461324,0.0
2021-05-01 23:28:52.701421801,1487,1619931600000.0,0.010753,0.010778,0.010682,0.01077,6819.07,1619935199999.0,73.2061613,5262.0,3290.8,35.32756579,0.0
2021-05-02 00:29:05.971563981,1488,1619935200000.0,0.010769,0.010829,0.010764,0.010794,8533.07,1619938799999.0,92.12389895,5755.0,4681.73,50.54881222,0.0
2021-05-02 01:29:19.241706161,1489,1619938800000.0,0.010797,0.010811,0.010742,0.010765,9042.14,1619942399999.0,97.51215922,5582.0,3858.11,41.62293561,0.0
2021-05-02 02:29:32.511848341,1490,1619942400000.0,0.010762,0.010765,0.010673,0.010723,18340.31,1619945999999.0,196.79089542,8469.0,13446.63,144.35629893,0.0
2021-05-02 03:29:45.781990521,1491,1619946000000.0,0.01072,0.010777,0.010705,0.010743,7326.24,1619949599999.0,78.67891992,6394.0,4164.48,44.72626997,0.0
2021-05-02 04:29:59.052132701,1492,1619949600000.0,0.010744,0.010854,0.010708,0.010822,14002.04,1619953199999.0,151.08104526,9056.0,7073.62,76.22275615,0.0
2021-05-02 05:30:12.322274881,1493,1619953200000.0,0.010821,0.010892,0.010819,0.010857,12700.19,1619956799999.0,137.88332577,8008.0,5534.77,60.10219991,0.0
2021-05-02 06:30:25.592417062,1494,1619956800000.0,0.010856,0.010912,0.010812,0.010904,12153.08,1619960399999.0,132.09232251,8443.0,6911.05,75.1350838,0.0
2021-05-02 07:30:38.862559242,1495,1619960400000.0,0.010904,0.01101,0.010903,0.01094,16184.22,1619963999999.0,177.46145444,11319.0,8256.4,90.51289707,0.0
2021-05-02 08:30:52.132701422,1496,1619964000000.0,0.010941,0.011031,0.010919,0.011017,16953.12,1619967599999.0,186.10999507,9626.0,9316.53,102.27448745,0.0
2021-05-02 09:31:05.402843602,1497,1619967600000.0,0.011017,0.011077,0.010989,0.011001,19004.76,1619971199999.0,209.73586331,10341.0,10944.49,120.814754,0.0
2021-05-02 10:31:18.672985782,1498,1619971200000.0,0.011002,0.011027,0.010978,0.010996,11755.8,1619974799999.0,129.35402192,7966.0,6049.73,66.57174325,0.0
2021-05-02 11:31:31.943127962,1499,1619974800000.0,0.010996,0.01103,0.010975,0.010997,12334.98,1619978399999.0,135.7025504,7229.0,5941.83,65.3698437,0.0
2021-05-02 12:31:45.213270142,1500,1619978400000.0,0.010997,0.011046,0.010972,0.010989,13306.32,1619981999999.0,146.57111999,8826.0,6043.89,66.58317745,0.0
2021-05-02 13:31:58.483412322,1501,1619982000000.0,0.010989,0.011045,0.010981,0.011035,12105.14,1619985599999.0,133.31492793,7622.0,5371.53,59.1703577,0.0
2021-05-02 14:32:11.753554502,1502,1619985600000.0,0.011035,0.011048,0.011003,0.011008,12369.8,1619989199999.0,136.4052107,6528.0,5317.72,58.6485527,0.0
2021-05-02 15:32:25.023696682,1503,1619989200000.0,0.011008,0.011029,0.010952,0.010982,19896.02,1619992799999.0,218.50452039,7148.0,9662.29,106.13449893,0.0
2021-05-02 16:32:38.293838862,1504,1619992800000.0,0.010981,0.011018,0.010934,0.010975,20602.9,1619996399999.0,226.0270788,6955.0,10473.73,114.9118445,0.0
2021-05-02 17:32:51.563981043,1505,1619996400000.0,0.010974,0.011013,0.010966,0.010988,19043.15,1619999999999.0,209.35835329,5184.0,9059.47,99.59987607,0.0
2021-05-02 18:33:04.834123223,1506,1620000000000.0,0.010989,0.011009,0.010902,0.010944,27618.16,1620003599999.0,302.5462849,7993.0,13042.03,142.84542792,0.0
2021-05-02 19:33:18.104265403,1507,1620003600000.0,0.010943,0.010955,0.010756,0.010877,33149.04,1620007199999.0,359.52598172,12306.0,18643.01,202.17899064,0.0
2021-05-02 20:33:31.374407583,1508,1620007200000.0,0.010877,0.010877,0.010767,0.010796,24748.35,1620010799999.0,267.76867324,6625.0,12644.86,136.79451283,0.0
2021-05-02 21:33:44.644549763,1509,1620010800000.0,0.010797,0.010825,0.01072,0.01079,28085.4,1620014399999.0,302.30070524,7846.0,16086.11,173.15198165,0.0
2021-05-02 22:33:57.914691943,1510,1620014400000.0,0.010789,0.01085,0.010754,0.010802,15795.29,1620017999999.0,170.52875853,6099.0,9904.99,106.91518193,0.0
2021-05-02 23:34:11.184834123,1511,1620018000000.0,0.010802,0.010876,0.010769,0.01087,20082.54,1620021599999.0,217.36111015,7423.0,8687.5,93.98689568,0.0
2021-05-03 00:34:24.454976303,1512,1620021600000.0,0.010872,0.010972,0.010839,0.010955,27731.53,1620025199999.0,302.84927209,9885.0,12323.74,134.54363368,0.0
2021-05-03 01:34:37.725118483,1513,1620025200000.0,0.010955,0.010957,0.010804,0.010816,23658.24,1620028799999.0,257.18301911,10727.0,10726.82,116.54354647,0.0
2021-05-03 02:34:50.995260663,1514,1620028800000.0,0.010817,0.010862,0.01072,0.010794,25524.36,1620032399999.0,275.68361814,10556.0,10779.72,116.41551756,0.0
2021-05-03 03:35:04.265402844,1515,1620032400000.0,0.010794,0.010862,0.010785,0.010814,20911.81,1620035999999.0,226.42252226,8040.0,9280.91,100.48084162,0.0
2021-05-03 04:35:17.535545024,1516,1620036000000.0,0.010815,0.01086,0.010796,0.010851,21865.17,1620039599999.0,236.75759733,8246.0,8665.89,93.86010405,0.0
2021-05-03 05:35:30.805687204,1517,1620039600000.0,0.01085,0.011112,0.010828,0.011043,53334.29,1620043199999.0,586.78704447,26936.0,25524.25,280.97692246,0.0
2021-05-03 06:35:44.075829384,1518,1620043200000.0,0.011043,0.011254,0.011043,0.011252,62951.2,1620046799999.0,702.04164683,26084.0,28595.9,318.79411603,0.0
2021-05-03 07:35:57.345971564,1519,1620046800000.0,0.011249,0.011377,0.011156,0.011266,53347.36,1620050399999.0,600.7667957,28210.0,25153.38,283.19909004,0.0
2021-05-03 08:36:10.616113744,1520,1620050400000.0,0.011265,0.011449,0.011255,0.011392,48869.38,1620053999999.0,555.20065684,21555.0,24741.01,281.15521115,0.0
2021-05-03 09:36:23.886255924,1521,1620054000000.0,0.011391,0.0115,0.011378,0.01147,31195.54,1620057599999.0,357.32895128,18029.0,16635.97,190.54027718,0.0
2021-05-03 10:36:37.156398104,1522,1620057600000.0,0.011472,0.011562,0.011446,0.011561,25229.88,1620061199999.0,290.17446651,14791.0,14237.0,163.77166906,0.0
2021-05-03 11:36:50.426540284,1523,1620061200000.0,0.01156,0.011675,0.011487,0.011631,30249.63,1620064799999.0,351.221951,19763.0,17694.3,205.50755129,0.0
2021-05-03 12:37:03.696682464,1524,1620064800000.0,0.01163,0.011945,0.011606,0.011712,33163.82,1620068399999.0,388.54037665,19461.0,20162.07,236.59720248,0.0
2021-05-03 13:37:16.966824644,1525,1620068400000.0,0.011708,0.011762,0.011592,0.011741,24654.28,1620071999999.0,287.86660807,15476.0,13865.91,161.82902326,0.0
2021-05-03 14:37:30.236966825,1526,1620072000000.0,0.011743,0.011763,0.011629,0.011699,20484.88,1620075599999.0,239.75037091,12955.0,9269.67,108.52978305,0.0
2021-05-03 15:37:43.507109005,1527,1620075600000.0,0.011698,0.011774,0.011672,0.011765,14158.2,1620079199999.0,166.04718893,11340.0,7322.76,85.89176638,0.0
2021-05-03 16:37:56.777251185,1528,1620079200000.0,0.011765,0.011779,0.011686,0.011759,13187.28,1620082799999.0,154.77175452,10196.0,6587.35,77.32776521,0.0
2021-05-03 17:38:10.047393365,1529,1620082800000.0,0.011759,0.011844,0.0117,0.011832,16852.22,1620086399999.0,198.26147169,11267.0,9960.67,117.20067732,0.0
2021-05-03 18:38:23.317535545,1530,1620086400000.0,0.011831,0.011857,0.011502,0.011641,51799.13,1620089999999.0,603.3046511,29602.0,25369.06,295.59921419,0.0
2021-05-03 19:38:36.587677725,1531,1620090000000.0,0.011646,0.011807,0.01158,0.011669,39177.81,1620093599999.0,458.66050552,21474.0,18220.06,213.47166275,0.0
2021-05-03 20:38:49.857819905,1532,1620093600000.0,0.011669,0.011712,0.011306,0.011368,40212.24,1620097199999.0,461.93994211,23053.0,22477.78,258.17853083,0.0
2021-05-03 21:39:03.127962085,1533,1620097200000.0,0.011367,0.011532,0.011283,0.011522,37228.46,1620100799999.0,425.37936696,16589.0,14882.16,169.81153069,0.0
2021-05-03 22:39:16.398104265,1534,1620100800000.0,0.011522,0.011694,0.01152,0.011688,38482.28,1620104399999.0,446.72990887,16306.0,11706.54,136.07545082,0.0
2021-05-03 23:39:29.668246445,1535,1620104400000.0,0.011688,0.011823,0.01167,0.011822,16962.15,1620107999999.0,198.80694442,12942.0,8227.24,96.4377906,0.0
2021-05-04 00:39:42.938388626,1536,1620108000000.0,0.01182,0.01188,0.011759,0.011795,16848.99,1620111599999.0,199.49063995,12762.0,7612.75,90.14437295,0.0
2021-05-04 01:39:56.208530806,1537,1620111600000.0,0.011795,0.011843,0.011684,0.01169,15967.74,1620115199999.0,187.77089456,10026.0,7467.28,87.8070112,0.0
2021-05-04 02:40:09.478672986,1538,1620115200000.0,0.011697,0.011732,0.011522,0.011613,21192.6,1620118799999.0,246.3433442,15384.0,11201.66,130.24052211,0.0
2021-05-04 03:40:22.748815166,1539,1620118800000.0,0.011617,0.011713,0.011547,0.011565,33983.85,1620122399999.0,395.35193322,18790.0,17864.36,207.8066912,0.0
2021-05-04 04:40:36.018957346,1540,1620122400000.0,0.011562,0.011691,0.011529,0.011684,22549.56,1620125999999.0,261.45495918,15937.0,10174.95,118.05962428,0.0
2021-05-04 05:40:49.289099526,1541,1620126000000.0,0.011684,0.011688,0.011613,0.011628,20447.87,1620129599999.0,238.20074167,13404.0,12987.75,151.26923087,0.0
2021-05-04 06:41:02.559241706,1542,1620129600000.0,0.011628,0.011632,0.011537,0.011577,20861.88,1620133199999.0,241.67050618,17783.0,10946.11,126.80241781,0.0
2021-05-04 07:41:15.829383886,1543,1620133200000.0,0.011577,0.0116,0.011435,0.011561,25785.81,1620136799999.0,296.88580801,20944.0,14523.94,167.293955,0.0
2021-05-04 08:41:29.099526066,1544,1620136800000.0,0.011561,0.011577,0.011262,0.011358,48413.74,1620140399999.0,553.08114743,33523.0,21191.24,241.72579972,0.0
2021-05-04 09:41:42.369668246,1545,1620140400000.0,0.011352,0.011508,0.0113,0.01139,39305.07,1620143999999.0,447.28438656,28307.0,21381.65,243.35423897,0.0
2021-05-04 10:41:55.639810426,1546,1620144000000.0,0.01139,0.011471,0.011331,0.011412,26001.88,1620147599999.0,296.56502825,21149.0,14566.3,166.15395189,0.0
2021-05-04 11:42:08.909952607,1547,1620147600000.0,0.011413,0.011559,0.011387,0.011534,15400.96,1620151199999.0,176.96425435,13145.0,7989.27,91.84844321,0.0
2021-05-04 12:42:22.180094787,1548,1620151200000.0,0.011534,0.011601,0.011481,0.011588,16969.24,1620154799999.0,196.13963922,11230.0,8612.77,99.54087878,0.0
2021-05-04 13:42:35.450236967,1549,1620154800000.0,0.011587,0.011599,0.011501,0.011564,10917.88,1620158399999.0,126.08643162,8193.0,5607.37,64.7683474,0.0
2021-05-04 14:42:48.720379147,1550,1620158400000.0,0.011565,0.011607,0.011486,0.011511,11446.55,1620161999999.0,132.08212778,9363.0,5366.35,61.95330745,0.0
2021-05-04 15:43:01.990521327,1551,1620162000000.0,0.011512,0.011534,0.011468,0.011489,7533.93,1620165599999.0,86.61092117,7469.0,3770.18,43.34980542,0.0
2021-05-04 16:43:15.260663507,1552,1620165600000.0,0.011488,0.011513,0.011391,0.011458,13612.14,1620169199999.0,155.71540496,9062.0,6778.92,77.55990913,0.0
2021-05-04 17:43:28.530805687,1553,1620169200000.0,0.011456,0.011489,0.011409,0.011454,12329.65,1620172799999.0,141.11580062,7768.0,7580.86,86.75486395,0.0
2021-05-04 18:43:41.800947867,1554,1620172800000.0,0.011452,0.011548,0.01142,0.011502,34294.07,1620176399999.0,394.32639114,11003.0,14473.28,166.42660343,0.0
2021-05-04 19:43:55.071090047,1555,1620176400000.0,0.011502,0.011584,0.011451,0.011579,27425.98,1620179999999.0,315.91879475,9577.0,15131.46,174.32313688,0.0
2021-05-04 20:44:08.341232227,1556,1620180000000.0,0.01158,0.0116,0.011484,0.011524,28187.2,1620183599999.0,324.77789548,7209.0,13554.66,156.12511357,0.0
2021-05-04 21:44:21.611374407,1557,1620183600000.0,0.011524,0.011559,0.011345,0.011452,39094.66,1620187199999.0,447.68498615,11434.0,17853.24,204.57743191,0.0
2021-05-04 22:44:34.881516588,1558,1620187200000.0,0.011458,0.011468,0.011345,0.011419,29427.96,1620190799999.0,335.56236966,9196.0,13627.02,155.40621612,0.0
2021-05-04 23:44:48.151658768,1559,1620190800000.0,0.011421,0.01153,0.011401,0.011527,21518.55,1620194399999.0,247.02253646,10233.0,9179.47,105.37806046,0.0
2021-05-05 00:45:01.421800948,1560,1620194400000.0,0.011527,0.01155,0.011476,0.011548,25560.35,1620197999999.0,294.59159196,9106.0,12702.99,146.42880098,0.0
2021-05-05 01:45:14.691943128,1561,1620198000000.0,0.011547,0.011724,0.011503,0.011715,35628.14,1620201599999.0,414.18012227,16219.0,21131.86,245.53554295,0.0
2021-05-05 02:45:27.962085308,1562,1620201600000.0,0.011715,0.01175,0.011647,0.011661,31695.26,1620205199999.0,370.70359598,15976.0,14104.45,164.93290439,0.0
2021-05-05 03:45:41.232227488,1563,1620205200000.0,0.011661,0.011764,0.011657,0.011721,25573.35,1620208799999.0,299.77511494,12054.0,12592.25,147.60691739,0.0
2021-05-05 04:45:54.502369668,1564,1620208800000.0,0.01172,0.011811,0.011637,0.011734,23663.19,1620212399999.0,277.82636597,14800.0,13606.35,159.89989868,0.0
2021-05-05 05:46:07.772511848,1565,1620212400000.0,0.011733,0.01178,0.011637,0.011665,23225.31,1620215999999.0,271.75760502,12028.0,11877.34,138.98656053,0.0
2021-05-05 06:46:21.042654028,1566,1620216000000.0,0.011664,0.011742,0.011641,0.011716,19539.86,1620219599999.0,228.71866922,10382.0,11534.76,135.04301694,0.0
2021-05-05 07:46:34.312796208,1567,1620219600000.0,0.011716,0.01175,0.011606,0.011656,23037.82,1620223199999.0,268.97385853,12024.0,11060.68,129.17533976,0.0
2021-05-05 08:46:47.582938389,1568,1620223200000.0,0.011655,0.011671,0.011429,0.011437,29264.55,1620226799999.0,338.58229248,16933.0,14767.27,170.95538251,0.0
2021-05-05 09:47:00.853080569,1569,1620226800000.0,0.011434,0.011436,0.011217,0.011217,44794.02,1620230399999.0,507.83007127,22617.0,24294.75,275.5949898,0.0
2021-05-05 10:47:14.123222749,1570,1620230400000.0,0.011218,0.011312,0.010869,0.0113,75409.4,1620233999999.0,841.62350346,35974.0,35301.06,394.8093865,0.0
2021-05-05 11:47:27.393364929,1571,1620234000000.0,0.011299,0.011312,0.01119,0.011229,21056.18,1620237599999.0,236.8522566,11201.0,10812.3,121.54384333,0.0
2021-05-05 12:47:40.663507109,1572,1620237600000.0,0.011229,0.011305,0.011214,0.011269,30977.73,1620241199999.0,349.21200223,9741.0,14855.02,167.42681707,0.0
2021-05-05 13:47:53.933649289,1573,1620241200000.0,0.011265,0.011379,0.011232,0.011373,22849.71,1620244799999.0,258.09083583,9289.0,14428.6,162.95796789,0.0
2021-05-05 14:48:07.203791469,1574,1620244800000.0,0.011373,0.011386,0.011283,0.011318,24000.9,1620248399999.0,271.81698325,8842.0,12723.75,144.12190667,0.0
2021-05-05 15:48:20.473933649,1575,1620248400000.0,0.01132,0.011376,0.011291,0.011357,29611.06,1620251999999.0,335.45704867,6947.0,15908.97,180.22853982,0.0
2021-05-05 16:48:33.744075829,1576,1620252000000.0,0.011357,0.01139,0.011286,0.011385,30559.17,1620255599999.0,346.2466439,8832.0,15235.13,172.58516368,0.0
2021-05-05 17:48:47.014218009,1577,1620255600000.0,0.011386,0.011429,0.011315,0.01134,26629.58,1620259199999.0,302.83339637,8215.0,14112.63,160.50454681,0.0
2021-05-05 18:49:00.284360189,1578,1620259200000.0,0.011338,0.011364,0.011129,0.01121,43164.0,1620262799999.0,485.42736206,15115.0,24652.19,277.35207959,0.0
2021-05-05 19:49:13.554502370,1579,1620262800000.0,0.011208,0.01127,0.011141,0.011262,27823.56,1620266399999.0,311.82928164,8608.0,15722.46,176.17120093,0.0
2021-05-05 20:49:26.824644550,1580,1620266400000.0,0.011264,0.01131,0.011224,0.011308,23432.8,1620269999999.0,264.05838129,6591.0,10350.03,116.62089824,0.0
2021-05-05 21:49:40.094786730,1581,1620270000000.0,0.011308,0.011318,0.011272,0.011297,20129.06,1620273599999.0,227.40292647,5344.0,11664.31,131.77062299,0.0
2021-05-05 22:49:53.364928910,1582,1620273600000.0,0.011299,0.011312,0.011227,0.011255,23617.29,1620277199999.0,266.03677252,6845.0,13413.26,151.06347115,0.0
2021-05-05 23:50:06.635071090,1583,1620277200000.0,0.011255,0.011335,0.011249,0.011274,22262.89,1620280799999.0,251.5378636,7000.0,12739.97,143.9260694,0.0
2021-05-06 00:50:19.905213270,1584,1620280800000.0,0.011273,0.011325,0.01123,0.011242,22433.26,1620284399999.0,252.92359617,7844.0,13314.7,150.13380785,0.0
2021-05-06 01:50:33.175355450,1585,1620284400000.0,0.011241,0.011288,0.011222,0.011275,25131.22,1620287999999.0,282.9612919,6753.0,12659.59,142.55147528,0.0
2021-05-06 02:50:46.445497630,1586,1620288000000.0,0.011272,0.011304,0.011249,0.011279,24839.05,1620291599999.0,280.2253543,6197.0,11969.33,135.03545888,0.0
2021-05-06 03:50:59.715639810,1587,1620291600000.0,0.011278,0.011309,0.011232,0.011271,23456.81,1620295199999.0,264.43127577,7474.0,14000.03,157.866308,0.0
2021-05-06 04:51:12.985781990,1588,1620295200000.0,0.011275,0.011293,0.011132,0.011207,32147.47,1620298799999.0,359.93772196,11948.0,13487.78,151.03021277,0.0
2021-05-06 05:51:26.255924171,1589,1620298800000.0,0.011207,0.011244,0.011165,0.011177,24716.38,1620302399999.0,276.82308341,8152.0,11620.35,130.17179356,0.0
2021-05-06 06:51:39.526066351,1590,1620302400000.0,0.011172,0.01121,0.011139,0.011168,28055.74,1620305999999.0,313.4604293,9771.0,12134.4,135.581751,0.0
2021-05-06 07:51:52.796208531,1591,1620306000000.0,0.011166,0.011256,0.011151,0.011246,27320.84,1620309599999.0,305.69562446,8848.0,12601.28,141.06265942,0.0
2021-05-06 08:52:06.066350711,1592,1620309600000.0,0.011246,0.011267,0.0112,0.011215,26633.94,1620313199999.0,299.163316,8840.0,13875.47,155.86042068,0.0
2021-05-06 09:52:19.336492891,1593,1620313200000.0,0.011213,0.011271,0.01118,0.011205,29716.73,1620316799999.0,333.59598896,10731.0,17532.9,196.84396844,0.0
2021-05-06 10:52:32.606635071,1594,1620316800000.0,0.011204,0.011227,0.01109,0.011174,31395.16,1620320399999.0,350.34902323,13384.0,16154.86,180.28799423,0.0
2021-05-06 11:52:45.876777251,1595,1620320400000.0,0.011175,0.011272,0.01117,0.011204,25407.01,1620323999999.0,284.98367747,11574.0,11363.17,127.4918574,0.0
2021-05-06 12:52:59.146919431,1596,1620324000000.0,0.011207,0.011279,0.011075,0.011274,39836.78,1620327599999.0,446.69227007,24888.0,19895.1,223.24087301,0.0
2021-05-06 13:53:12.417061611,1597,1620327600000.0,0.011274,0.011313,0.011215,0.011261,30096.73,1620331199999.0,338.70418683,14343.0,14645.55,164.84847049,0.0
2021-05-06 14:53:25.687203791,1598,1620331200000.0,0.01126,0.011269,0.011178,0.011201,29976.9,1620334799999.0,336.12414519,10552.0,16204.78,181.71052025,0.0
2021-05-06 15:53:38.957345971,1599,1620334800000.0,0.011202,0.01125,0.011177,0.011234,32311.31,1620338399999.0,362.49589856,8693.0,22074.64,247.68298093,0.0
2021-05-06 16:53:52.227488152,1600,1620338400000.0,0.011234,0.011293,0.01122,0.011283,25502.53,1620341999999.0,287.21318587,9035.0,14606.48,164.5271072,0.0
2021-05-06 17:54:05.497630332,1601,1620342000000.0,0.011284,0.011299,0.0112,0.011243,32690.15,1620345599999.0,367.53444226,8032.0,20971.1,235.77393356,0.0
2021-05-06 18:54:18.767772512,1602,1620345600000.0,0.011242,0.011243,0.011092,0.011115,30909.33,1620349199999.0,344.71734413,10447.0,17121.52,191.01236378,0.0
2021-05-06 19:54:32.037914692,1603,1620349200000.0,0.011115,0.011199,0.011114,0.011135,21020.08,1620352799999.0,234.52831045,8574.0,11662.92,130.13441465,0.0
2021-05-06 20:54:45.308056872,1604,1620352800000.0,0.011134,0.011148,0.010998,0.011049,34981.77,1620356399999.0,387.63687457,14746.0,19692.2,218.26393513,0.0
2021-05-06 21:54:58.578199052,1605,1620356400000.0,0.01105,0.011117,0.011012,0.011112,11270.69,1620359999999.0,124.77179209,7929.0,5795.93,64.16997793,0.0
2021-05-06 22:55:11.848341232,1606,1620360000000.0,0.011106,0.011123,0.011051,0.011077,12445.83,1620363599999.0,137.95613815,7489.0,6813.15,75.52736324,0.0
2021-05-06 23:55:25.118483412,1607,1620363600000.0,0.011078,0.01117,0.011068,0.01114,8155.39,1620367199999.0,90.75433542,6432.0,4416.81,49.14417606,0.0
2021-05-07 00:55:38.388625592,1608,1620367200000.0,0.011139,0.011186,0.011109,0.011127,8300.37,1620370799999.0,92.48672127,6515.0,3660.55,40.79625932,0.0
2021-05-07 01:55:51.658767772,1609,1620370800000.0,0.011122,0.011151,0.011061,0.011135,9997.73,1620374399999.0,111.07675166,7733.0,4880.74,54.23798264,0.0
2021-05-07 02:56:04.928909953,1610,1620374400000.0,0.011135,0.011152,0.011091,0.011101,17287.6,1620377999999.0,192.11827658,7416.0,11356.78,126.17018104,0.0
2021-05-07 03:56:18.199052133,1611,1620378000000.0,0.0111,0.011122,0.011065,0.011092,8330.99,1620381599999.0,92.43105706,6854.0,3851.69,42.73868139,0.0
2021-05-07 04:56:31.469194313,1612,1620381600000.0,0.011091,0.011148,0.011037,0.011056,15022.4,1620385199999.0,166.57973874,11082.0,7724.36,85.67091587,0.0
2021-05-07 05:56:44.739336493,1613,1620385200000.0,0.011055,0.011105,0.011037,0.011069,9651.48,1620388799999.0,106.83291761,8432.0,4540.98,50.27429154,0.0
2021-05-07 06:56:58.009478673,1614,1620388800000.0,0.01107,0.011082,0.010939,0.010974,16799.0,1620392399999.0,184.96291196,14181.0,6972.05,76.79060449,0.0
2021-05-07 07:57:11.279620853,1615,1620392400000.0,0.010976,0.01108,0.010965,0.011071,11332.81,1620395999999.0,124.93316143,10629.0,5996.12,66.1107543,0.0
2021-05-07 08:57:24.549763033,1616,1620396000000.0,0.011071,0.011135,0.011044,0.011133,12369.05,1620399599999.0,136.97723406,11266.0,7398.66,81.9417876,0.0
2021-05-07 09:57:37.819905213,1617,1620399600000.0,0.011132,0.011143,0.011052,0.011057,13430.02,1620403199999.0,148.84892577,11388.0,6625.76,73.43595307,0.0
2021-05-07 10:57:51.090047393,1618,1620403200000.0,0.011056,0.011059,0.010942,0.010942,14816.56,1620406799999.0,162.87319099,13431.0,6127.65,67.36538636,0.0
2021-05-07 11:58:04.360189573,1619,1620406800000.0,0.010943,0.011047,0.010895,0.011013,17164.78,1620410399999.0,188.50399622,13712.0,8686.12,95.39846699,0.0
2021-05-07 12:58:17.630331753,1620,1620410400000.0,0.011014,0.011019,0.0109,0.010976,12800.2,1620413999999.0,140.32900674,11203.0,6223.96,68.25706642,0.0
2021-05-07 13:58:30.900473934,1621,1620414000000.0,0.010975,0.010976,0.010852,0.010874,13657.77,1620417599999.0,148.90664145,12100.0,5864.33,63.95289773,0.0
2021-05-07 14:58:44.170616114,1622,1620417600000.0,0.010873,0.010965,0.010836,0.010954,9878.29,1620421199999.0,107.59656713,10490.0,5060.16,55.14200657,0.0
2021-05-07 15:58:57.440758294,1623,1620421200000.0,0.010953,0.010954,0.010834,0.010863,11447.23,1620424799999.0,124.49905179,11187.0,5854.97,63.67075364,0.0
2021-05-07 16:59:10.710900474,1624,1620424800000.0,0.010862,0.01089,0.01079,0.010831,16190.77,1620428399999.0,175.31535887,14531.0,7448.93,80.67445628,0.0
2021-05-07 17:59:23.981042654,1625,1620428400000.0,0.010833,0.010917,0.010817,0.01089,11083.86,1620431999999.0,120.72635377,9803.0,5838.94,63.60225206,0.0
2021-05-07 18:59:37.251184834,1626,1620432000000.0,0.010892,0.010899,0.010832,0.010853,10918.57,1620435599999.0,118.65282929,8912.0,5578.96,60.63139008,0.0
2021-05-07 19:59:50.521327014,1627,1620435600000.0,0.010854,0.010944,0.01085,0.010933,10095.45,1620439199999.0,110.08979648,7550.0,4975.32,54.26605822,0.0
2021-05-07 21:00:03.791469194,1628,1620439200000.0,0.010933,0.010945,0.01083,0.010888,12234.29,1620442799999.0,133.29953153,8007.0,6009.5,65.48168478,0.0
2021-05-07 22:00:17.061611374,1629,1620442800000.0,0.010885,0.010921,0.010831,0.010887,11789.07,1620446399999.0,128.21804739,7843.0,6366.76,69.25575517,0.0
2021-05-07 23:00:30.331753554,1630,1620446400000.0,0.010887,0.010936,0.010792,0.010887,18599.36,1620449999999.0,202.26933668,10489.0,10021.05,108.99880568,0.0
2021-05-08 00:00:43.601895734,1631,1620450000000.0,0.010887,0.010912,0.010859,0.01087,19244.12,1620453599999.0,209.42682835,8677.0,10659.46,116.02825894,0.0
2021-05-08 01:00:56.872037915,1632,1620453600000.0,0.010873,0.010908,0.010829,0.010863,19680.68,1620457199999.0,213.78734668,8317.0,10998.0,119.47761511,0.0
2021-05-08 02:01:10.142180095,1633,1620457200000.0,0.010863,0.010881,0.01074,0.010761,25988.12,1620460799999.0,281.17074619,11145.0,13200.74,142.91459387,0.0
2021-05-08 03:01:23.412322275,1634,1620460800000.0,0.010761,0.010784,0.010663,0.010764,32334.34,1620464399999.0,346.75828931,16113.0,17189.26,184.3838184,0.0
2021-05-08 04:01:36.682464455,1635,1620464400000.0,0.010763,0.010823,0.01073,0.010816,15845.25,1620467999999.0,170.84692895,9405.0,9483.3,102.29268644,0.0
2021-05-08 05:01:49.952606635,1636,1620468000000.0,0.010815,0.010836,0.010762,0.010804,16316.94,1620471599999.0,176.20474188,10484.0,9745.57,105.24644842,0.0
2021-05-08 06:02:03.222748815,1637,1620471600000.0,0.010804,0.010829,0.010755,0.01078,16868.11,1620475199999.0,182.05068121,10775.0,9371.74,101.14890654,0.0
2021-05-08 07:02:16.492890995,1638,1620475200000.0,0.010779,0.010845,0.010703,0.010724,23320.84,1620478799999.0,251.10669681,13203.0,11743.43,126.4303898,0.0
2021-05-08 08:02:29.763033175,1639,1620478800000.0,0.010723,0.010775,0.01064,0.010762,25168.7,1620482399999.0,269.34314441,16428.0,12995.4,139.16366914,0.0
2021-05-08 09:02:43.033175355,1640,1620482400000.0,0.010761,0.010901,0.010744,0.010855,24549.55,1620485999999.0,266.02597614,15549.0,12130.5,131.45039093,0.0
2021-05-08 10:02:56.303317535,1641,1620486000000.0,0.010857,0.011158,0.010847,0.0111,39726.17,1620489599999.0,438.75714041,27360.0,20358.04,224.83296278,0.0
2021-05-08 11:03:09.573459716,1642,1620489600000.0,0.0111,0.011228,0.011045,0.011051,31608.11,1620493199999.0,352.60974665,18566.0,15544.05,173.42981504,0.0
2021-05-08 12:03:22.843601896,1643,1620493200000.0,0.011051,0.011071,0.010972,0.011019,15737.6,1620496799999.0,173.38621011,12293.0,7636.8,84.14668356,0.0
2021-05-08 13:03:36.113744076,1644,1620496800000.0,0.011019,0.011025,0.010898,0.010997,14356.14,1620500399999.0,157.40481983,12901.0,7305.93,80.09793223,0.0
2021-05-08 14:03:49.383886256,1645,1620500400000.0,0.011001,0.011131,0.010981,0.011077,15055.03,1620503999999.0,166.51901797,12480.0,6687.86,73.99993878,0.0
2021-05-08 15:04:02.654028436,1646,1620504000000.0,0.011078,0.011097,0.010902,0.010983,11633.05,1620507599999.0,127.94157161,12701.0,5485.58,60.34400407,0.0
2021-05-08 16:04:15.924170616,1647,1620507600000.0,0.010982,0.011004,0.01094,0.011003,11829.06,1620511199999.0,129.82481313,9737.0,6810.74,74.75569327,0.0
2021-05-08 17:04:29.194312796,1648,1620511200000.0,0.011003,0.011025,0.010944,0.010968,10619.27,1620514799999.0,116.71090533,10490.0,4935.34,54.24747138,0.0
2021-05-08 18:04:42.464454976,1649,1620514800000.0,0.010969,0.011015,0.010941,0.010978,9077.54,1620518399999.0,99.67353879,7587.0,5289.35,58.07882866,0.0
2021-05-08 19:04:55.734597156,1650,1620518400000.0,0.010977,0.010983,0.010897,0.010929,13353.62,1620521999999.0,145.9988095,7786.0,6089.47,66.56877101,0.0
2021-05-08 20:05:09.004739336,1651,1620522000000.0,0.010927,0.011033,0.010889,0.010939,20111.63,1620525599999.0,220.68098625,9547.0,8419.35,92.37227676,0.0
2021-05-08 21:05:22.274881516,1652,1620525600000.0,0.01094,0.011069,0.010913,0.011058,23209.22,1620529199999.0,255.11814724,8401.0,12618.61,138.67926984,0.0
2021-05-08 22:05:35.545023697,1653,1620529200000.0,0.011058,0.011067,0.010942,0.010946,25298.95,1620532799999.0,278.96985481,10734.0,12339.27,136.04237444,0.0
2021-05-08 23:05:48.815165877,1654,1620532800000.0,0.010945,0.011045,0.010882,0.011041,35737.55,1620536399999.0,391.22735596,19344.0,20723.75,226.87806004,0.0
2021-05-09 00:06:02.085308057,1655,1620536400000.0,0.011041,0.011126,0.011007,0.011063,14281.81,1620539999999.0,158.02310558,11025.0,7302.71,80.81134059,0.0
2021-05-09 01:06:15.355450237,1656,1620540000000.0,0.011062,0.011137,0.011038,0.011113,12278.06,1620543599999.0,136.14650098,8940.0,6029.15,66.84741225,0.0
2021-05-09 02:06:28.625592417,1657,1620543600000.0,0.011112,0.011145,0.011079,0.01113,11661.28,1620547199999.0,129.70658309,7752.0,6072.27,67.54910515,0.0
2021-05-09 03:06:41.895734597,1658,1620547200000.0,0.011128,0.011503,0.011095,0.011394,43700.49,1620550799999.0,492.65230521,22499.0,23558.1,265.88905679,0.0
2021-05-09 04:06:55.165876777,1659,1620550800000.0,0.011395,0.0118,0.011321,0.011619,107238.81,1620554399999.0,1242.50164693,50898.0,56024.61,648.99782278,0.0
2021-05-09 05:07:08.436018957,1660,1620554400000.0,0.01162,0.011691,0.011473,0.011682,35678.96,1620557999999.0,413.50387072,18579.0,17689.94,205.09567539,0.0
2021-05-09 06:07:21.706161137,1661,1620558000000.0,0.011681,0.01172,0.0115,0.011551,34207.39,1620561599999.0,396.6405534,18452.0,14640.97,169.69950412,0.0
2021-05-09 07:07:34.976303317,1662,1620561600000.0,0.011551,0.011604,0.011417,0.011557,40960.38,1620565199999.0,471.94944096,25616.0,18968.71,218.57370431,0.0
2021-05-09 08:07:48.246445498,1663,1620565200000.0,0.011553,0.011598,0.011503,0.011575,19901.5,1620568799999.0,229.76254276,13432.0,9284.47,107.16762279,0.0
2021-05-09 09:08:01.516587678,1664,1620568800000.0,0.011575,0.011648,0.011544,0.011633,14978.3,1620572399999.0,173.67477427,11625.0,7161.21,83.04313876,0.0
2021-05-09 10:08:14.786729858,1665,1620572400000.0,0.011633,0.011674,0.011575,0.011602,14029.24,1620575999999.0,163.16412746,11333.0,6427.34,74.73520266,0.0
2021-05-09 11:08:28.056872038,1666,1620576000000.0,0.011602,0.01161,0.011443,0.01155,17828.31,1620579599999.0,205.34259499,14708.0,8348.94,96.11054404,0.0
2021-05-09 12:08:41.327014218,1667,1620579600000.0,0.011549,0.011561,0.011457,0.011518,13105.77,1620583199999.0,150.66092167,11387.0,5387.12,61.92652558,0.0
2021-05-09 13:08:54.597156398,1668,1620583200000.0,0.011522,0.011557,0.011479,0.011541,10633.58,1620586799999.0,122.5965881,9434.0,5100.69,58.81828942,0.0
2021-05-09 14:09:07.867298578,1669,1620586800000.0,0.011543,0.011551,0.011454,0.011504,13678.63,1620590399999.0,157.20473656,10794.0,7765.2,89.20496693,0.0
2021-05-09 15:09:21.137440758,1670,1620590400000.0,0.011503,0.011504,0.011402,0.011445,10012.93,1620593999999.0,114.59553004,10413.0,5164.2,59.0766231,0.0
2021-05-09 16:09:34.407582938,1671,1620594000000.0,0.011444,0.011513,0.01136,0.011385,13361.06,1620597599999.0,152.84259521,11411.0,7449.0,85.21598094,0.0
2021-05-09 17:09:47.677725118,1672,1620597600000.0,0.011384,0.01142,0.011341,0.011399,9942.63,1620601199999.0,113.11422811,9836.0,4859.91,55.29761944,0.0
2021-05-09 18:10:00.947867298,1673,1620601200000.0,0.0114,0.011431,0.01134,0.011367,10130.72,1620604799999.0,115.38679625,9944.0,4524.46,51.52736569,0.0
2021-05-09 19:10:14.218009479,1674,1620604800000.0,0.011367,0.011648,0.011337,0.011598,34696.95,1620608399999.0,399.93177983,20340.0,18233.55,210.16303036,0.0
2021-05-09 20:10:27.488151659,1675,1620608400000.0,0.011598,0.011663,0.011528,0.011573,26671.76,1620611999999.0,308.92585126,15115.0,13704.33,158.741446,0.0
2021-05-09 21:10:40.758293839,1676,1620612000000.0,0.011573,0.011639,0.011475,0.011483,25166.79,1620615599999.0,290.96662586,13391.0,12166.42,140.69637801,0.0
2021-05-09 22:10:54.028436019,1677,1620615600000.0,0.011484,0.011491,0.011299,0.011414,68784.86,1620619199999.0,783.3353015,23335.0,46825.17,533.13849906,0.0
2021-05-09 23:11:07.298578199,1678,1620619200000.0,0.011415,0.011496,0.011384,0.011424,19110.16,1620622799999.0,218.75222537,11903.0,9923.92,113.60583766,0.0
2021-05-10 00:11:20.568720379,1679,1620622800000.0,0.011425,0.011463,0.011385,0.011432,12766.03,1620626399999.0,145.87692265,9362.0,7080.13,80.91726291,0.0
2021-05-10 01:11:33.838862559,1680,1620626400000.0,0.011432,0.011744,0.011431,0.011631,59211.59,1620629999999.0,691.05373663,24458.0,17836.51,207.58769766,0.0
2021-05-10 02:11:47.109004739,1681,1620630000000.0,0.011632,0.0117,0.01154,0.011611,29739.22,1620633599999.0,346.13124794,16673.0,10554.98,122.73738022,0.0
2021-05-10 03:12:00.379146919,1682,1620633600000.0,0.011611,0.011648,0.01111,0.0116,28356.19,1620637199999.0,326.94319544,24288.0,12436.33,144.01418565,0.0
2021-05-10 04:12:13.649289099,1683,1620637200000.0,0.0116,0.0116,0.0115,0.011551,20601.03,1620640799999.0,237.77112262,13848.0,13201.21,152.35617856,0.0
2021-05-10 05:12:26.919431280,1684,1620640800000.0,0.011551,0.011565,0.011428,0.011476,18489.98,1620644399999.0,212.70978501,13551.0,8543.79,98.26929803,0.0
2021-05-10 06:12:40.189573460,1685,1620644400000.0,0.01147,0.011512,0.0114,0.011443,17895.8,1620647999999.0,204.95567125,13092.0,9215.29,105.56174526,0.0
2021-05-10 07:12:53.459715640,1686,1620648000000.0,0.011445,0.011535,0.011426,0.011508,14604.77,1620651599999.0,167.92299775,10673.0,7933.24,91.22736975,0.0
2021-05-10 08:13:06.729857820,1687,1620651600000.0,0.011507,0.011547,0.011461,0.011466,11054.86,1620655199999.0,127.22025149,9548.0,5777.99,66.50101748,0.0
2021-05-10 09:13:20.000000000,1688,1620655200000.0,0.011466,0.011529,0.011436,0.011459,19941.3,1620658799999.0,228.80659079,11998.0,12061.73,138.40634791,0.0
2021-05-10 10:13:33.270142180,1689,1620658800000.0,0.011459,0.011541,0.011413,0.011415,18830.47,1620662399999.0,216.48458857,12033.0,8319.35,95.63669701,0.0
2021-05-10 11:13:46.540284360,1690,1620662400000.0,0.011413,0.01152,0.01137,0.011504,13238.74,1620665999999.0,151.75322777,11472.0,6237.04,71.49803397,0.0
2021-05-10 12:13:59.810426540,1691,1620666000000.0,0.011505,0.01162,0.011495,0.011607,15312.76,1620669599999.0,177.26698677,12606.0,9033.38,104.57700479,0.0
2021-05-10 13:14:13.080568720,1692,1620669600000.0,0.011608,0.01169,0.011575,0.011628,11757.92,1620673199999.0,136.75816755,13059.0,6637.78,77.21772031,0.0
2021-05-10 14:14:26.350710900,1693,1620673200000.0,0.011626,0.011655,0.011401,0.011487,26782.4,1620676799999.0,309.5463673,20746.0,13450.76,155.52001197,0.0
2021-05-10 15:14:39.620853080,1694,1620676800000.0,0.011487,0.01151,0.010978,0.011366,94362.11,1620680399999.0,1062.85928577,60668.0,47170.44,531.71858278,0.0
2021-05-10 16:14:52.890995261,1695,1620680400000.0,0.011366,0.011555,0.011299,0.01155,22305.65,1620683999999.0,254.99332377,19442.0,12748.14,145.82075925,0.0
2021-05-10 17:15:06.161137441,1696,1620684000000.0,0.011553,0.011555,0.011329,0.011411,20839.67,1620687599999.0,237.91301982,15617.0,10017.93,114.41163539,0.0
2021-05-10 18:15:19.431279621,1697,1620687600000.0,0.011412,0.011412,0.011299,0.01131,15797.46,1620691199999.0,179.11432675,12133.0,8400.17,95.22852519,0.0
2021-05-10 19:15:32.701421801,1698,1620691200000.0,0.01131,0.011452,0.011294,0.011343,22058.39,1620694799999.0,251.18400305,11839.0,10562.17,120.270963,0.0
2021-05-10 20:15:45.971563981,1699,1620694800000.0,0.011344,0.011511,0.011268,0.011506,27581.82,1620698399999.0,313.75078522,16177.0,14065.71,160.05194197,0.0
2021-05-10 21:15:59.241706161,1700,1620698400000.0,0.011505,0.011621,0.011475,0.011551,34167.14,1620701999999.0,395.22250169,15512.0,17982.99,208.01068957,0.0
2021-05-10 22:16:12.511848341,1701,1620702000000.0,0.011554,0.011592,0.011446,0.011479,27274.4,1620705599999.0,313.84423996,13729.0,15003.36,172.65889254,0.0
2021-05-10 23:16:25.781990521,1702,1620705600000.0,0.011483,0.011631,0.011445,0.011627,21801.07,1620709199999.0,251.31267614,11599.0,10677.44,123.08210119,0.0
2021-05-11 00:16:39.052132701,1703,1620709200000.0,0.011627,0.011744,0.011582,0.0117,33598.05,1620712799999.0,391.40030937,14177.0,16912.67,197.0743043,0.0
2021-05-11 01:16:52.322274881,1704,1620712800000.0,0.0117,0.011744,0.011643,0.011655,23763.85,1620716399999.0,278.12041141,10008.0,10720.77,125.47835207,0.0
2021-05-11 02:17:05.592417062,1705,1620716400000.0,0.01166,0.011768,0.011651,0.011749,26140.97,1620719999999.0,306.19175714,11230.0,16103.94,188.67879508,0.0
2021-05-11 03:17:18.862559242,1706,1620720000000.0,0.011746,0.011771,0.011611,0.011715,25398.33,1620723599999.0,297.10916199,13743.0,13836.39,161.89570143,0.0
2021-05-11 04:17:32.132701422,1707,1620723600000.0,0.011714,0.01183,0.01171,0.011784,26570.46,1620727199999.0,312.66303184,13608.0,13180.88,155.13604313,0.0
2021-05-11 05:17:45.402843602,1708,1620727200000.0,0.011784,0.011861,0.011709,0.01183,32919.18,1620730799999.0,388.48099352,17024.0,19102.05,225.3792332,0.0
2021-05-11 06:17:58.672985782,1709,1620730800000.0,0.011829,0.011928,0.011825,0.011859,27900.01,1620734399999.0,331.49754078,15664.0,17512.81,208.08515269,0.0
2021-05-11 07:18:11.943127962,1710,1620734400000.0,0.011857,0.011905,0.011741,0.011859,27869.35,1620737999999.0,329.17088537,14137.0,14820.84,175.07592864,0.0
2021-05-11 08:18:25.213270142,1711,1620738000000.0,0.011859,0.01189,0.011791,0.011855,23178.03,1620741599999.0,274.54320802,12860.0,12439.2,147.34986579,0.0
2021-05-11 09:18:38.483412322,1712,1620741600000.0,0.011852,0.011872,0.011811,0.011826,17940.28,1620745199999.0,212.3733906,9233.0,9619.78,113.88434391,0.0
2021-05-11 10:18:51.753554502,1713,1620745200000.0,0.011826,0.011929,0.011811,0.011916,18232.6,1620748799999.0,216.39793269,11198.0,9772.15,116.00072768,0.0
2021-05-11 11:19:05.023696682,1714,1620748800000.0,0.011917,0.011925,0.011755,0.01181,24975.43,1620752399999.0,294.87571223,14353.0,13407.7,158.36141986,0.0
2021-05-11 12:19:18.293838862,1715,1620752400000.0,0.011805,0.011806,0.011727,0.011745,14725.63,1620755999999.0,173.29953311,9914.0,6811.99,80.16624025,0.0
2021-05-11 13:19:31.563981043,1716,1620756000000.0,0.011741,0.011891,0.011729,0.011815,18409.69,1620759599999.0,217.27683876,13771.0,11955.83,141.10543161,0.0
2021-05-11 14:19:44.834123223,1717,1620759600000.0,0.011815,0.011837,0.011752,0.011822,12786.81,1620763199999.0,150.92604175,10746.0,7192.49,84.89504157,0.0
2021-05-11 15:19:58.104265403,1718,1620763200000.0,0.011817,0.011848,0.011639,0.011732,24080.08,1620766799999.0,282.62918463,17384.0,11267.23,132.27895805,0.0
2021-05-11 16:20:11.374407583,1719,1620766800000.0,0.01173,0.011777,0.01166,0.011722,17326.54,1620770399999.0,203.14093266,12084.0,8671.16,101.66761615,0.0
2021-05-11 17:20:24.644549763,1720,1620770400000.0,0.011724,0.01175,0.011686,0.011726,15970.33,1620773999999.0,187.1686096,8814.0,8324.58,97.57662151,0.0
2021-05-11 18:20:37.914691943,1721,1620774000000.0,0.011724,0.011886,0.011696,0.011854,23858.71,1620777599999.0,281.9064046,12456.0,12516.37,147.87429353,0.0
2021-05-11 19:20:51.184834123,1722,1620777600000.0,0.011851,0.01186,0.011725,0.011733,18419.3,1620781199999.0,217.03403524,14611.0,9014.88,106.24324964,0.0
2021-05-11 20:21:04.454976303,1723,1620781200000.0,0.011735,0.011827,0.011715,0.011792,12910.21,1620784799999.0,152.00213771,10087.0,6735.77,79.32439207,0.0
2021-05-11 21:21:17.725118483,1724,1620784800000.0,0.011792,0.011888,0.01177,0.011845,16382.37,1620788399999.0,193.81996013,11552.0,8243.18,97.54399623,0.0
2021-05-11 22:21:30.995260663,1725,1620788400000.0,0.011844,0.0119,0.011749,0.011828,20815.66,1620791999999.0,246.21448911,14990.0,11941.28,141.21347527,0.0
2021-05-11 23:21:44.265402843,1726,1620792000000.0,0.011828,0.011833,0.011742,0.011808,18266.83,1620795599999.0,215.12377704,10729.0,9450.73,111.30426236,0.0
2021-05-12 00:21:57.535545024,1727,1620795600000.0,0.01181,0.011866,0.011777,0.011821,19134.47,1620799199999.0,226.02925204,9887.0,8105.1,95.75888726,0.0
2021-05-12 01:22:10.805687204,1728,1620799200000.0,0.011821,0.011856,0.011717,0.011738,17517.18,1620802799999.0,206.60550656,10451.0,7776.35,91.72916879,0.0
2021-05-12 02:22:24.075829384,1729,1620802800000.0,0.011738,0.011786,0.011728,0.011743,12705.37,1620806399999.0,149.30572478,8284.0,6252.78,73.4835712,0.0
2021-05-12 03:22:37.345971564,1730,1620806400000.0,0.011744,0.011782,0.011685,0.011722,17702.15,1620809999999.0,207.77014607,11871.0,9087.9,106.68518058,0.0
2021-05-12 04:22:50.616113744,1731,1620810000000.0,0.011722,0.011781,0.011713,0.011767,9752.94,1620813599999.0,114.57533913,9365.0,5755.33,67.61578058,0.0
2021-05-12 05:23:03.886255924,1732,1620813600000.0,0.011767,0.011819,0.011752,0.011766,16770.16,1620817199999.0,197.66701535,11204.0,8613.76,101.51774666,0.0
2021-05-12 06:23:17.156398104,1733,1620817200000.0,0.011766,0.011816,0.01175,0.011772,15604.01,1620820799999.0,183.8474637,11178.0,9234.67,108.78552744,0.0
2021-05-12 07:23:30.426540284,1734,1620820800000.0,0.011772,0.011842,0.01175,0.01182,20509.45,1620824399999.0,242.05503996,10753.0,9800.31,115.68559686,0.0
2021-05-12 08:23:43.696682464,1735,1620824400000.0,0.011819,0.011843,0.011711,0.011759,21667.91,1620827999999.0,255.16360008,14042.0,12713.35,149.71497062,0.0
2021-05-12 09:23:56.966824644,1736,1620828000000.0,0.011758,0.0118,0.011725,0.011795,17963.99,1620831599999.0,211.36093601,12212.0,9828.91,115.66108187,0.0
2021-05-12 10:24:10.236966825,1737,1620831600000.0,0.011794,0.011826,0.011709,0.011713,24539.15,1620835199999.0,288.88373838,17300.0,11947.61,140.65071989,0.0
2021-05-12 11:24:23.507109005,1738,1620835200000.0,0.011712,0.011744,0.011594,0.011742,34548.13,1620838799999.0,403.29969567,23154.0,17001.91,198.48684073,0.0
2021-05-12 12:24:36.777251185,1739,1620838800000.0,0.011738,0.011779,0.011672,0.011745,11252.97,1620842399999.0,132.02543356,11901.0,5303.82,62.2391307,0.0
2021-05-12 13:24:50.047393365,1740,1620842400000.0,0.011745,0.011759,0.01166,0.011732,19290.48,1620845999999.0,225.90278186,14482.0,10534.52,123.37925053,0.0
2021-05-12 14:25:03.317535545,1741,1620846000000.0,0.011732,0.011805,0.01165,0.011795,16873.44,1620849599999.0,197.97698689,13335.0,8987.57,105.47740357,0.0
2021-05-12 15:25:16.587677725,1742,1620849600000.0,0.011795,0.011876,0.011786,0.01187,13802.29,1620853199999.0,163.3453757,11988.0,7886.48,93.34170199,0.0
2021-05-12 16:25:29.857819905,1743,1620853200000.0,0.01187,0.011945,0.011851,0.011894,12811.48,1620856799999.0,152.42300205,12432.0,7213.49,85.83149237,0.0
2021-05-12 17:25:43.127962085,1744,1620856800000.0,0.011897,0.012057,0.011874,0.012051,41740.51,1620860399999.0,499.81783272,29513.0,25369.85,303.923675,0.0
2021-05-12 18:25:56.398104265,1745,1620860400000.0,0.012054,0.012074,0.01187,0.01197,38962.59,1620863999999.0,466.18179798,29615.0,21961.99,262.86939586,0.0
2021-05-12 19:26:09.668246445,1746,1620864000000.0,0.011991,0.012195,0.01184,0.012111,85119.94,1620867599999.0,1025.32221271,68888.0,45392.62,547.12633736,0.0
2021-05-12 20:26:22.938388625,1747,1620867600000.0,0.012113,0.012352,0.01204,0.012225,50616.41,1620871199999.0,618.73868998,25969.0,27798.9,339.83819645,0.0
2021-05-12 21:26:36.208530806,1748,1620871200000.0,0.012225,0.012244,0.012154,0.012154,32147.83,1620874799999.0,392.14910495,13754.0,20143.88,245.73951454,0.0
2021-05-12 22:26:49.478672986,1749,1620874800000.0,0.012162,0.012167,0.011992,0.012049,33051.46,1620878399999.0,399.02706864,17701.0,15775.91,190.40011958,0.0
2021-05-12 23:27:02.748815166,1750,1620878400000.0,0.012042,0.012071,0.011954,0.012068,14104.1,1620881999999.0,169.23773211,13125.0,7062.09,84.76514906,0.0
2021-05-13 00:27:16.018957346,1751,1620882000000.0,0.01207,0.012235,0.012059,0.012219,19878.13,1620885599999.0,241.44104734,16279.0,11688.77,141.9121607,0.0
2021-05-13 01:27:29.289099526,1752,1620885600000.0,0.012215,0.012338,0.012207,0.012331,19777.67,1620889199999.0,242.85550547,13209.0,10269.69,126.17905432,0.0
2021-05-13 02:27:42.559241706,1753,1620889200000.0,0.012334,0.012336,0.01224,0.01224,15948.49,1620892799999.0,195.76501264,12053.0,5636.28,69.2010087,0.0
2021-05-13 03:27:55.829383886,1754,1620892800000.0,0.012241,0.01231,0.012057,0.012067,20337.56,1620896399999.0,247.46658452,16689.0,8180.53,99.56992371,0.0
2021-05-13 04:28:09.099526066,1755,1620896400000.0,0.012063,0.012111,0.0116,0.011766,53706.98,1620899999999.0,633.86857733,40832.0,22975.09,271.39087052,0.0
2021-05-13 05:28:22.369668246,1756,1620900000000.0,0.011761,0.011898,0.011663,0.011696,25754.77,1620903599999.0,303.89046022,25850.0,12173.3,143.71647468,0.0
2021-05-13 06:28:35.639810426,1757,1620903600000.0,0.011696,0.01191,0.011661,0.011881,21080.68,1620907199999.0,249.2963571,19007.0,11332.71,133.98371819,0.0
2021-05-13 07:28:48.909952607,1758,1620907200000.0,0.011884,0.012004,0.011764,0.012003,16172.0,1620910799999.0,192.5142916,14601.0,7982.06,95.09455279,0.0
2021-05-13 08:29:02.180094787,1759,1620910800000.0,0.012003,0.0121,0.011991,0.012069,13034.46,1620914399999.0,156.94798158,12775.0,6245.27,75.23483073,0.0
2021-05-13 09:29:15.450236967,1760,1620914400000.0,0.012068,0.012154,0.012008,0.012023,18198.94,1620917999999.0,220.02400082,14596.0,8834.61,106.88229952,0.0
2021-05-13 10:29:28.720379147,1761,1620918000000.0,0.012017,0.01205,0.011919,0.011965,12476.74,1620921599999.0,149.51161812,12292.0,5505.12,65.98972462,0.0
2021-05-13 11:29:41.990521327,1762,1620921600000.0,0.011965,0.01209,0.0116,0.011673,58093.64,1620925199999.0,685.40037314,35163.0,27090.67,319.8312467,0.0
2021-05-13 12:29:55.260663507,1763,1620925200000.0,0.01167,0.011778,0.011221,0.011678,91608.48,1620928799999.0,1058.3299086,59088.0,42170.33,487.74259448,0.0
2021-05-13 13:30:08.530805687,1764,1620928800000.0,0.011678,0.011733,0.011392,0.011423,39310.52,1620932399999.0,454.61067289,25325.0,18186.07,210.66637402,0.0
2021-05-13 14:30:21.800947867,1765,1620932400000.0,0.011421,0.011468,0.011304,0.011346,23623.88,1620935999999.0,269.05328641,16158.0,11223.5,127.8938994,0.0
2021-05-13 15:30:35.071090047,1766,1620936000000.0,0.011341,0.01146,0.011281,0.011421,19763.53,1620939599999.0,224.25772613,16473.0,11430.11,129.70501622,0.0
2021-05-13 16:30:48.341232227,1767,1620939600000.0,0.011422,0.011452,0.01134,0.011375,11851.45,1620943199999.0,135.06703858,12449.0,5747.7,65.53811354,0.0
2021-05-13 17:31:01.611374407,1768,1620943200000.0,0.011375,0.011533,0.011357,0.011421,14926.18,1620946799999.0,171.05380721,13760.0,7410.26,84.91006434,0.0
2021-05-13 18:31:14.881516588,1769,1620946800000.0,0.01142,0.011523,0.011326,0.011496,18967.86,1620950399999.0,216.37260827,15557.0,9306.38,106.15933619,0.0
2021-05-13 19:31:28.151658768,1770,1620950400000.0,0.011496,0.01166,0.011426,0.011658,29647.04,1620953999999.0,342.88263789,17698.0,18500.41,213.99676121,0.0
2021-05-13 20:31:41.421800948,1771,1620954000000.0,0.011659,0.011799,0.011615,0.011752,29132.19,1620957599999.0,341.28414027,18126.0,17034.46,199.58727044,0.0
2021-05-13 21:31:54.691943128,1772,1620957600000.0,0.011754,0.011785,0.011582,0.011596,21919.83,1620961199999.0,256.03701836,11192.0,10923.02,127.63719836,0.0
2021-05-13 22:32:07.962085308,1773,1620961200000.0,0.0116,0.011714,0.0116,0.011685,20006.52,1620964799999.0,233.33108061,9946.0,10293.23,120.03896663,0.0
2021-05-13 23:32:21.232227488,1774,1620964800000.0,0.01169,0.011785,0.011674,0.011738,20589.19,1620968399999.0,241.42642208,12660.0,10872.21,127.49111941,0.0
2021-05-14 00:32:34.502369668,1775,1620968400000.0,0.011735,0.01185,0.011715,0.011834,19967.74,1620971999999.0,235.22665045,11040.0,11350.3,133.71708628,0.0
2021-05-14 01:32:47.772511848,1776,1620972000000.0,0.011834,0.01185,0.011733,0.011803,25432.04,1620975599999.0,299.691914,11941.0,12914.19,152.2098542,0.0
2021-05-14 02:33:01.042654028,1777,1620975600000.0,0.011803,0.01198,0.0118,0.011954,29592.0,1620979199999.0,351.611331,17100.0,18483.18,219.68842957,0.0
2021-05-14 03:33:14.312796208,1778,1620979200000.0,0.011952,0.012006,0.011878,0.01198,16503.29,1620982799999.0,197.02453778,11327.0,9782.06,116.82926965,0.0
2021-05-14 04:33:27.582938389,1779,1620982800000.0,0.011982,0.012037,0.011919,0.011962,14533.57,1620986399999.0,173.99403872,12970.0,7081.29,84.77464111,0.0
2021-05-14 05:33:40.853080569,1780,1620986400000.0,0.011961,0.012,0.011872,0.011993,12483.06,1620989999999.0,149.13365021,11676.0,6982.31,83.44158042,0.0
2021-05-14 06:33:54.123222749,1781,1620990000000.0,0.011995,0.012035,0.011929,0.012014,11310.63,1620993599999.0,135.66191007,11887.0,5961.59,71.53745462,0.0
2021-05-14 07:34:07.393364929,1782,1620993600000.0,0.012014,0.012044,0.011948,0.012027,15043.38,1620997199999.0,180.54272859,12222.0,9394.45,112.76987636,0.0
2021-05-14 08:34:20.663507109,1783,1620997200000.0,0.012027,0.012038,0.011913,0.011966,12885.76,1621000799999.0,154.23471263,12149.0,6633.3,79.4069536,0.0
2021-05-14 09:34:33.933649289,1784,1621000800000.0,0.011966,0.011981,0.011908,0.011926,14802.41,1621004399999.0,176.6843502,10690.0,6079.36,72.57180056,0.0
2021-05-14 10:34:47.203791469,1785,1621004400000.0,0.011926,0.011981,0.011836,0.011944,14447.84,1621007999999.0,172.1383539,14590.0,7792.24,92.87615538,0.0
2021-05-14 11:35:00.473933649,1786,1621008000000.0,0.011944,0.012002,0.011853,0.011943,12248.88,1621011599999.0,146.10388358,12250.0,6026.69,71.88779278,0.0
2021-05-14 12:35:13.744075829,1787,1621011600000.0,0.011943,0.01198,0.011911,0.011923,9227.63,1621015199999.0,110.27694555,8260.0,4429.94,52.96377296,0.0
2021-05-14 13:35:27.014218009,1788,1621015200000.0,0.011923,0.012021,0.011923,0.012004,11023.2,1621018799999.0,132.09629902,10194.0,5168.12,61.93951686,0.0
2021-05-14 14:35:40.284360189,1789,1621018800000.0,0.012004,0.012019,0.011905,0.011943,9219.37,1621022399999.0,110.16885114,9362.0,5066.7,60.56050176,0.0
2021-05-14 15:35:53.554502370,1790,1621022400000.0,0.011944,0.012009,0.01188,0.011948,11921.16,1621025999999.0,142.44493045,13442.0,6545.15,78.19538061,0.0
2021-05-14 16:36:06.824644550,1791,1621026000000.0,0.01194,0.012035,0.011914,0.012012,9641.76,1621029599999.0,115.64881321,10902.0,5229.53,62.73153438,0.0
2021-05-14 17:36:20.094786730,1792,1621029600000.0,0.012011,0.012073,0.011968,0.012043,8735.24,1621033199999.0,105.09932079,9164.0,4271.94,51.39590938,0.0
2021-05-14 18:36:33.364928910,1793,1621033200000.0,0.012039,0.0121,0.012033,0.012094,9615.89,1621036799999.0,116.10765028,8083.0,5762.86,69.60196447,0.0
2021-05-14 19:36:46.635071090,1794,1621036800000.0,0.012094,0.012158,0.012052,0.012095,30233.31,1621040399999.0,366.12475963,14060.0,18010.13,218.10420752,0.0
2021-05-14 20:36:59.905213270,1795,1621040400000.0,0.012095,0.0121,0.01197,0.011974,23677.48,1621043999999.0,285.22904181,10166.0,14390.13,173.35953368,0.0
2021-05-14 21:37:13.175355450,1796,1621044000000.0,0.011974,0.012144,0.011964,0.012141,24088.59,1621047599999.0,290.78784451,10767.0,13542.47,163.47208807,0.0
2021-05-14 22:37:26.445497630,1797,1621047600000.0,0.012141,0.012166,0.012099,0.012139,23038.94,1621051199999.0,279.57492724,8893.0,12390.33,150.39074253,0.0
2021-05-14 23:37:39.715639810,1798,1621051200000.0,0.012138,0.012155,0.012041,0.012079,15899.01,1621054799999.0,192.3082159,9683.0,8711.38,105.40953284,0.0
2021-05-15 00:37:52.985781990,1799,1621054800000.0,0.012079,0.012101,0.012017,0.012041,13274.64,1621058399999.0,160.10763157,10066.0,7126.08,85.95245796,0.0
2021-05-15 01:38:06.255924171,1800,1621058400000.0,0.01204,0.012052,0.011949,0.012021,15441.33,1621061999999.0,185.23503385,11673.0,8530.82,102.34301049,0.0
2021-05-15 02:38:19.526066351,1801,1621062000000.0,0.012019,0.012049,0.011935,0.011998,14788.46,1621065599999.0,177.42365992,11130.0,8243.6,98.88167612,0.0
2021-05-15 03:38:32.796208531,1802,1621065600000.0,0.012,0.01204,0.011949,0.011993,12200.92,1621069199999.0,146.42715802,10750.0,5947.61,71.39279405,0.0
2021-05-15 04:38:46.066350711,1803,1621069200000.0,0.011992,0.012087,0.011983,0.012063,9636.13,1621072799999.0,115.90781227,9008.0,5270.37,63.40598883,0.0
2021-05-15 05:38:59.336492891,1804,1621072800000.0,0.012063,0.012094,0.012001,0.012028,11917.86,1621076399999.0,143.60987587,10573.0,5890.96,70.97939124,0.0
2021-05-15 06:39:12.606635071,1805,1621076400000.0,0.012028,0.012041,0.011968,0.012004,7386.81,1621079999999.0,88.6466014,7597.0,3991.89,47.91001339,0.0
2021-05-15 07:39:25.876777251,1806,1621080000000.0,0.012004,0.012061,0.011956,0.012015,11685.59,1621083599999.0,140.4212608,9584.0,5711.75,68.64144661,0.0
2021-05-15 08:39:39.146919431,1807,1621083600000.0,0.012016,0.012049,0.011953,0.011993,9112.37,1621087199999.0,109.34951658,9218.0,4468.52,53.64592563,0.0
2021-05-15 09:39:52.417061611,1808,1621087200000.0,0.011994,0.011999,0.0119,0.011968,13164.58,1621090799999.0,157.22938844,11862.0,5283.33,63.14665908,0.0
2021-05-15 10:40:05.687203791,1809,1621090800000.0,0.011967,0.011996,0.011936,0.011968,6761.87,1621094399999.0,80.9089023,7464.0,3224.37,38.58247403,0.0
2021-05-15 11:40:18.957345971,1810,1621094400000.0,0.011967,0.01205,0.011952,0.012006,14219.4,1621097999999.0,170.74984503,11409.0,7069.46,84.92005983,0.0
2021-05-15 12:40:32.227488152,1811,1621098000000.0,0.012004,0.012034,0.011923,0.01195,9581.99,1621101599999.0,114.72207459,8652.0,4596.17,55.04010724,0.0
2021-05-15 13:40:45.497630332,1812,1621101600000.0,0.011945,0.011988,0.0119,0.01196,9063.48,1621105199999.0,108.29786677,8542.0,4302.1,51.42673444,0.0
2021-05-15 14:40:58.767772512,1813,1621105200000.0,0.011958,0.011994,0.01189,0.011948,12650.0,1621108799999.0,151.14576712,10096.0,6599.78,78.85434852,0.0
2021-05-15 15:41:12.037914692,1814,1621108800000.0,0.011949,0.011998,0.011893,0.011983,9100.11,1621112399999.0,108.70642499,8959.0,3851.13,46.03702803,0.0
2021-05-15 16:41:25.308056872,1815,1621112400000.0,0.011981,0.012021,0.011941,0.012017,6368.13,1621115999999.0,76.32138391,7740.0,3254.17,39.00854693,0.0
2021-05-15 17:41:38.578199052,1816,1621116000000.0,0.012017,0.012032,0.011937,0.011962,13883.26,1621119599999.0,166.46134395,10917.0,5620.6,67.38946195,0.0
2021-05-15 18:41:51.848341232,1817,1621119600000.0,0.01196,0.01209,0.011954,0.012047,19537.64,1621123199999.0,235.17477553,14070.0,11958.18,143.96004217,0.0
2021-05-15 19:42:05.118483412,1818,1621123200000.0,0.012048,0.01213,0.012005,0.012076,15537.65,1621126799999.0,187.5548014,14359.0,8600.37,103.83027254,0.0
2021-05-15 20:42:18.388625592,1819,1621126800000.0,0.012073,0.012105,0.012001,0.012052,7750.74,1621130399999.0,93.39508063,8634.0,3659.55,44.10980161,0.0
2021-05-15 21:42:31.658767772,1820,1621130400000.0,0.012052,0.012093,0.012027,0.012063,6162.59,1621133999999.0,74.36106949,6026.0,2679.86,32.32250799,0.0
2021-05-15 22:42:44.928909952,1821,1621134000000.0,0.012062,0.012096,0.011971,0.011972,6871.42,1621137599999.0,82.79057346,7036.0,3616.61,43.59204191,0.0
2021-05-15 23:42:58.199052133,1822,1621137600000.0,0.011971,0.011971,0.011878,0.011932,6658.44,1621141199999.0,79.46817514,7779.0,2472.94,29.5260897,0.0
2021-05-16 00:43:11.469194313,1823,1621141200000.0,0.011933,0.011938,0.011888,0.011918,5506.72,1621144799999.0,65.58468794,5567.0,2317.94,27.60732281,0.0
2021-05-16 01:43:24.739336493,1824,1621144800000.0,0.011921,0.011929,0.011793,0.011912,13294.91,1621148399999.0,157.61100797,11615.0,7105.44,84.27671879,0.0
2021-05-16 02:43:38.009478673,1825,1621148400000.0,0.011911,0.01203,0.011888,0.012007,12251.8,1621151999999.0,146.6232566,9707.0,7506.61,89.85065274,0.0
2021-05-16 03:43:51.279620853,1826,1621152000000.0,0.012005,0.0121,0.011997,0.012074,21387.11,1621155599999.0,257.71917496,10419.0,11541.76,139.0848507,0.0
2021-05-16 04:44:04.549763033,1827,1621155600000.0,0.012076,0.012223,0.012039,0.012176,35472.67,1621159199999.0,431.78498473,14750.0,18558.54,225.89037833,0.0
2021-05-16 05:44:17.819905213,1828,1621159200000.0,0.012178,0.012223,0.01215,0.012204,25024.87,1621162799999.0,305.33221585,9594.0,14738.47,179.88305148,0.0
2021-05-16 06:44:31.090047393,1829,1621162800000.0,0.012206,0.012223,0.012164,0.012217,19900.9,1621166399999.0,242.68511839,8171.0,10250.04,125.01252673,0.0
2021-05-16 07:44:44.360189573,1830,1621166400000.0,0.012216,0.012232,0.012115,0.012145,10359.41,1621169999999.0,126.09900391,8695.0,4498.1,54.77352941,0.0
2021-05-16 08:44:57.630331753,1831,1621170000000.0,0.01214,0.012194,0.012108,0.012119,8245.68,1621173599999.0,100.19911561,6527.0,4190.15,50.91047501,0.0
2021-05-16 09:45:10.900473934,1832,1621173600000.0,0.01212,0.01213,0.012053,0.012056,13286.32,1621177199999.0,160.74403802,8345.0,5984.24,72.4034819,0.0
2021-05-16 10:45:24.170616114,1833,1621177200000.0,0.01206,0.012092,0.011895,0.011985,18676.7,1621180799999.0,224.17969202,13430.0,6807.34,81.83295825,0.0
2021-05-16 11:45:37.440758294,1834,1621180800000.0,0.011986,0.012122,0.01197,0.012103,19204.4,1621184399999.0,231.25912599,11412.0,10569.17,127.28551806,0.0
2021-05-16 12:45:50.710900474,1835,1621184400000.0,0.012105,0.012178,0.012054,0.012153,15202.28,1621187999999.0,184.29890136,12009.0,8652.87,104.9201718,0.0
2021-05-16 13:46:03.981042654,1836,1621188000000.0,0.012152,0.012299,0.01213,0.01228,17188.92,1621191599999.0,209.9600811,15664.0,11630.21,142.11701544,0.0
2021-05-16 14:46:17.251184834,1837,1621191600000.0,0.01228,0.012285,0.012058,0.012079,22967.78,1621195199999.0,278.8635453,19071.0,10896.04,132.32964319,0.0
2021-05-16 15:46:30.521327014,1838,1621195200000.0,0.012076,0.012269,0.012054,0.012164,18399.8,1621198799999.0,223.87671747,19301.0,9622.65,117.12688115,0.0
2021-05-16 16:46:43.791469194,1839,1621198800000.0,0.012163,0.012204,0.012094,0.012141,15807.75,1621202399999.0,192.00868675,16398.0,7953.27,96.65367056,0.0
2021-05-16 17:46:57.061611374,1840,1621202400000.0,0.012142,0.012153,0.01202,0.012079,16261.64,1621205999999.0,196.267684,12359.0,6352.74,76.68519651,0.0
2021-05-16 18:47:10.331753554,1841,1621206000000.0,0.012085,0.0122,0.012062,0.012144,11982.27,1621209599999.0,145.2965788,11596.0,6089.67,73.83374664,0.0
2021-05-16 19:47:23.601895734,1842,1621209600000.0,0.012156,0.012158,0.011993,0.012029,44220.42,1621213199999.0,533.38636259,10448.0,24570.47,296.24277352,0.0
2021-05-16 20:47:36.872037915,1843,1621213200000.0,0.012031,0.012076,0.011992,0.012051,35407.22,1621216799999.0,426.32603971,8213.0,22674.41,273.04277766,0.0
2021-05-16 21:47:50.142180095,1844,1621216800000.0,0.012045,0.012104,0.012012,0.012068,30387.68,1621220399999.0,366.58551491,7355.0,19436.22,234.47736774,0.0
2021-05-16 22:48:03.412322275,1845,1621220400000.0,0.012067,0.01207,0.011633,0.011811,86605.97,1621223999999.0,1024.09312271,39596.0,41417.07,489.81870903,0.0
2021-05-16 23:48:16.682464455,1846,1621224000000.0,0.011815,0.011841,0.01145,0.011828,72319.2,1621227599999.0,843.63278953,39823.0,36291.57,423.47766183,0.0
2021-05-17 00:48:29.952606635,1847,1621227600000.0,0.01183,0.011847,0.011522,0.011536,30037.48,1621231199999.0,350.7057345,21003.0,17239.03,201.09636093,0.0
2021-05-17 01:48:43.222748815,1848,1621231200000.0,0.011535,0.011819,0.011478,0.01178,29228.22,1621234799999.0,341.3214686,20408.0,13697.58,160.34034717,0.0
2021-05-17 02:48:56.492890995,1849,1621234800000.0,0.01178,0.011951,0.011761,0.011905,20388.82,1621238399999.0,241.44618014,13224.0,13341.78,157.88600887,0.0
2021-05-17 03:49:09.763033175,1850,1621238400000.0,0.011905,0.011937,0.011854,0.011866,15144.09,1621241999999.0,180.14597775,10549.0,8075.05,96.05008945,0.0
2021-05-17 04:49:23.033175355,1851,1621242000000.0,0.011859,0.011929,0.011805,0.011893,11177.36,1621245599999.0,132.69817519,9951.0,5605.8,66.54453254,0.0
2021-05-17 05:49:36.303317535,1852,1621245600000.0,0.01189,0.011932,0.011776,0.011795,11678.07,1621249199999.0,138.45487402,11690.0,4896.23,58.07998724,0.0
2021-05-17 06:49:49.573459716,1853,1621249200000.0,0.011793,0.011884,0.011752,0.01178,16060.76,1621252799999.0,189.64018829,11806.0,9268.02,109.4123246,0.0
2021-05-17 07:50:02.843601896,1854,1621252800000.0,0.011782,0.011922,0.011764,0.011904,13779.92,1621256399999.0,163.0822836,10478.0,9970.73,117.92094815,0.0
2021-05-17 08:50:16.113744076,1855,1621256400000.0,0.011904,0.011928,0.01177,0.011806,10976.32,1621259999999.0,129.86349146,9903.0,4935.64,58.39582382,0.0
2021-05-17 09:50:29.383886256,1856,1621260000000.0,0.011806,0.011838,0.0117,0.011748,10574.55,1621263599999.0,124.44687805,9299.0,4493.93,52.9141672,0.0
2021-05-17 10:50:42.654028436,1857,1621263600000.0,0.011748,0.011774,0.011624,0.011656,12380.95,1621267199999.0,144.75744707,12029.0,5414.86,63.32870346,0.0
2021-05-17 11:50:55.924170616,1858,1621267200000.0,0.011652,0.011767,0.011617,0.011746,13646.88,1621270799999.0,159.593496,11972.0,5420.84,63.45196298,0.0
2021-05-17 12:51:09.194312796,1859,1621270800000.0,0.011745,0.011777,0.011667,0.011764,14959.47,1621274399999.0,175.40128456,12874.0,7488.02,87.82991212,0.0
2021-05-17 13:51:22.464454976,1860,1621274400000.0,0.011768,0.011846,0.011672,0.011846,13827.44,1621277999999.0,162.76987237,14308.0,6434.2,75.79797544,0.0
2021-05-17 14:51:35.734597156,1861,1621278000000.0,0.011846,0.011849,0.011686,0.01174,10067.44,1621281599999.0,118.28940809,11072.0,4271.04,50.21131426,0.0
2021-05-17 15:51:49.004739336,1862,1621281600000.0,0.01174,0.011836,0.011729,0.011764,12255.33,1621285199999.0,144.34992877,10635.0,4979.04,58.66386374,0.0
2021-05-17 16:52:02.274881516,1863,1621285200000.0,0.011766,0.01183,0.011714,0.011771,9846.15,1621288799999.0,115.93174624,10481.0,4524.08,53.29943309,0.0
2021-05-17 17:52:15.545023697,1864,1621288800000.0,0.011769,0.01183,0.011722,0.011766,10699.22,1621292399999.0,125.93815736,9481.0,5185.11,61.05394828,0.0
2021-05-17 18:52:28.815165877,1865,1621292400000.0,0.011764,0.011866,0.01173,0.011762,13236.03,1621295999999.0,156.05400046,10481.0,6942.2,81.86377824,0.0
2021-05-17 19:52:42.085308057,1866,1621296000000.0,0.011763,0.011832,0.011719,0.011802,28578.26,1621299599999.0,336.93286415,11077.0,12602.83,148.60401949,0.0
2021-05-17 20:52:55.355450237,1867,1621299600000.0,0.011802,0.011803,0.011501,0.011537,42369.9,1621303199999.0,492.50616864,18570.0,18693.51,217.1209903,0.0
2021-05-17 21:53:08.625592417,1868,1621303200000.0,0.011538,0.0116,0.011501,0.0116,24191.58,1621306799999.0,279.35373661,7042.0,15091.3,174.26771858,0.0
2021-05-17 22:53:21.895734597,1869,1621306800000.0,0.0116,0.011646,0.011577,0.01164,6465.7,1621310399999.0,75.11096619,2457.0,4518.89,52.49664497,0.0
2021-05-17 23:53:35.165876777,1870,,,,,,,,,,,,
2021-05-18 00:53:48.436018957,1871,,,,,,,,,,,,
2021-05-18 01:54:01.706161137,1872,,,,,,,,,,,,
2021-05-18 02:54:14.976303317,1873,,,,,,,,,,,,
2021-05-18 03:54:28.246445498,1874,,,,,,,,,,,,
2021-05-18 04:54:41.516587678,1875,,,,,,,,,,,,
2021-05-18 05:54:54.786729858,1876,,,,,,,,,,,,
2021-05-18 06:55:08.056872038,1877,,,,,,,,,,,,
2021-05-18 07:55:21.327014218,1878,,,,,,,,,,,,
2021-05-18 08:55:34.597156398,1879,,,,,,,,,,,,
2021-05-18 09:55:47.867298578,1880,,,,,,,,,,,,
2021-05-18 10:56:01.137440758,1881,,,,,,,,,,,,
2021-05-18 11:56:14.407582938,1882,,,,,,,,,,,,
2021-05-18 12:56:27.677725118,1883,,,,,,,,,,,,
2021-05-18 13:56:40.947867298,1884,,,,,,,,,,,,
2021-05-18 14:56:54.218009479,1885,,,,,,,,,,,,
2021-05-18 15:57:07.488151659,1886,,,,,,,,,,,,
2021-05-18 16:57:20.758293839,1887,,,,,,,,,,,,
2021-05-18 17:57:34.028436019,1888,,,,,,,,,,,,
2021-05-18 18:57:47.298578199,1889,,,,,,,,,,,,
2021-05-18 19:58:00.568720379,1890,,,,,,,,,,,,
2021-05-18 20:58:13.838862559,1891,,,,,,,,,,,,
2021-05-18 21:58:27.109004739,1892,,,,,,,,,,,,
2021-05-18 22:58:40.379146919,1893,,,,,,,,,,,,
2021-05-18 23:58:53.649289099,1894,,,,,,,,,,,,
2021-05-19 00:59:06.919431280,1895,,,,,,,,,,,,
2021-05-19 01:59:20.189573460,1896,,,,,,,,,,,,
2021-05-19 02:59:33.459715640,1897,,,,,,,,,,,,
2021-05-19 03:59:46.729857820,1898,,,,,,,,,,,,
2021-05-19 05:00:00.000000000,1899,,,,,,,,,,,,
